9
4 292 2172 855 2170 867 2905 288 2902 24
4 1795 2145 1803 2623 1420 2596 1166 2172 26
5 876 2161 1230 2157 1416 2677 1294 2865 878 2946 25
5 1402 1838 1820 1838 1795 2124 1248 2134 1273 1923 23
7 942 1474 1710 1478 1696 1828 1404 1824 1261 1938 1246 2120 866 2150 22
5 1343 778 1822 802 1832 1211 1442 1120 1348 1051 20
6 1687 1464 927 1470 968 638 1363 646 1325 1041 1476 1105 19
4 256 632 946 657 897 1462 234 1450 18
9 722 1417 930 1417 863 2211 677 2212 638 2167 461 2159 289 2280 284 1471 714 1464 21
