22
4 928 1747 928 1786 983 1790 976 1746 21
4 1580 1668 1579 1708 1636 1708 1639 1669 20
4 1282 2064 1278 2106 1338 2107 1338 2067 24
4 1444 2056 1444 2103 1509 2099 1503 2058 25
4 1242 2229 1246 2279 1299 2273 1297 2231 23
4 1090 2314 1097 2351 1143 2349 1143 2310 22
4 979 2284 980 2333 1040 2327 1035 2290 24
4 829 2380 829 2428 873 2425 873 2387 15
4 840 2469 881 2469 883 2511 840 2511 12
4 1065 2576 1108 2572 1112 2612 1071 2614 13
4 1591 2281 1595 2324 1643 2325 1640 2280 10
4 1563 2417 1563 2457 1613 2450 1614 2414 17
4 1585 2502 1584 2541 1653 2541 1651 2509 17a
4 1603 2607 1675 2604 1672 2568 1606 2571 17b
4 1638 2670 1681 2670 1681 2633 1638 2629 16
4 1605 2766 1640 2766 1643 2804 1609 2807 11
4 1253 2722 1304 2722 1307 2763 1268 2767 13
4 1310 2932 1351 2929 1355 2972 1312 2976 12
4 984 2918 1047 2918 1047 2877 983 2876 17b
4 905 2744 906 2781 972 2784 972 2749 17a
4 777 2782 817 2788 818 2745 780 2741 16
4 1116 2660 1116 2704 1161 2704 1165 2662 17
