29
4 1484 686 1481 749 1521 749 1521 693 7
4 1643 921 1701 921 1702 976 1650 977 11
4 1669 1075 1734 1072 1725 1142 1672 1132 17
4 1021 1028 1091 1029 1089 970 1023 975 24
4 681 1344 681 1399 743 1407 744 1356 24
4 443 1469 507 1467 507 1415 446 1415 35
4 397 1535 394 1591 453 1588 457 1540 23
4 760 1529 754 1576 852 1577 852 1537 23a
4 755 1617 755 1681 851 1676 847 1622 23b
4 763 1701 760 1756 830 1758 835 1710 33
4 395 1758 393 1812 457 1817 456 1767 34
4 755 1864 752 1923 852 1922 851 1870 23b
4 773 1944 773 1999 868 2001 869 1957 34b
4 637 2064 633 2118 719 2117 719 2073 36
4 814 2070 819 2129 869 2133 874 2085 39
4 1046 2071 1046 2128 1106 2129 1099 2077 32
4 1746 1367 1742 1419 1811 1422 1812 1377 40
4 1894 1533 1896 1591 1952 1588 1948 1536 10
4 1893 1702 1890 1749 1948 1749 1941 1706 41
4 1657 2161 1660 2215 1716 2217 1716 2165 12
4 1216 2242 1212 2294 1274 2295 1274 2247 38
4 1421 2608 1411 2657 1469 2663 1471 2620 18
4 1137 2712 1208 2712 1205 2760 1134 2765 30
4 929 2762 988 2763 986 2707 939 2705 21
4 1073 2419 1137 2414 1135 2361 1084 2366 31
4 821 2193 817 2247 881 2254 881 2193 37
4 674 2274 673 2343 770 2350 773 2288 34a
4 733 2623 734 2679 795 2679 792 2623 12
4 501 2792 502 2840 546 2837 544 2793 6
