33
4 216 2235 221 2288 277 2280 273 2239 18
4 320 2279 320 2320 377 2320 375 2280 22
4 257 2653 266 2707 317 2692 317 2657 26
4 421 2189 426 2236 487 2235 478 2187 12
4 493 2653 493 2704 556 2701 553 2653 24
4 513 2280 513 2325 568 2323 566 2280 16
4 583 2737 583 2782 641 2778 641 2736 20
4 634 2301 631 2353 696 2349 693 2306 32
4 711 2733 711 2780 766 2780 765 2734 30
4 800 2694 804 2740 861 2741 858 2696 28
4 925 2117 924 2159 986 2155 983 2117 10
4 874 2240 868 2283 933 2284 933 2250 48
4 883 2681 881 2736 939 2733 936 2692 52
4 933 2312 933 2355 991 2355 992 2317 54
4 1017 2196 1016 2247 1079 2250 1075 2198 66
4 1175 2217 1169 2263 1230 2262 1227 2218 78
4 1012 2712 1008 2754 1067 2749 1068 2708 64
4 1126 2741 1127 2789 1068 2788 1068 2738 56
4 1165 2700 1164 2738 1224 2740 1222 2700 50
4 1227 2781 1219 2825 1282 2821 1279 2784 51
4 1304 2699 1303 2736 1364 2736 1359 2696 58
4 1367 2560 1364 2598 1433 2600 1429 2563 60
4 1395 2279 1392 2328 1459 2324 1456 2279 70
4 1271 2152 1270 2198 1330 2198 1329 2154 62
4 1363 2156 1362 2199 1428 2196 1429 2159 68
4 1462 2633 1465 2686 1524 2686 1521 2640 46
4 1562 2253 1563 2305 1627 2301 1624 2262 42
4 1617 2651 1618 2699 1672 2703 1675 2655 40
4 1675 2266 1671 2307 1727 2306 1728 2273 36
4 1736 2641 1734 2692 1797 2689 1794 2642 34
4 1783 2188 1787 2233 1846 2233 1843 2187 14
4 1830 2646 1831 2688 1889 2689 1885 2638 38
4 1990 2317 1990 2361 2044 2358 2045 2325 44
