28
4 798 2225 798 2258 856 2260 852 2228 600
4 933 2170 929 2200 971 2201 969 2172 60
4 1023 2341 1022 2375 1082 2372 1081 2344 6610
4 1209 2341 1209 2378 1260 2379 1259 2346 610
4 1452 2237 1478 2236 1478 2270 1449 2271 L
4 1166 2419 1167 2456 1209 2452 1209 2421 64
4 1301 2384 1300 2419 1354 2418 1356 2387 636
4 1390 2436 1387 2467 1447 2465 1444 2438 632
4 1505 2452 1508 2487 1455 2487 1455 2458 601
4 1272 2522 1272 2552 1320 2555 1324 2521 634
4 1122 2725 1121 2762 1178 2758 1178 2726 620
4 1217 2824 1219 2857 1272 2853 1273 2822 631
4 1375 2718 1371 2752 1426 2748 1427 2722 630
4 1383 2652 1382 2684 1415 2681 1413 2652 0
4 1425 2668 1426 2700 1464 2700 1460 2669 63
4 1383 2598 1385 2632 1425 2632 1419 2601 65
4 1489 2605 1489 2639 1525 2635 1525 2605 61
4 1181 2961 1180 2994 1236 2992 1233 2960 312
4 905 2963 906 3000 955 2998 951 2962 311
4 1005 2932 1007 2965 953 2963 951 2932 313
4 896 2902 898 2934 932 2934 933 2900 31
4 911 2851 911 2882 960 2884 960 2851 310
4 850 2725 843 2756 881 2755 883 2727 66
4 948 2705 949 2737 896 2733 896 2706 661
4 950 2770 890 2770 895 2732 943 2736 662
4 843 2650 844 2687 887 2687 887 2652 62
4 688 2743 691 2774 728 2773 724 2742 10
4 736 2694 736 2726 787 2728 787 2692 100
