16
4 871 752 871 682 928 682 922 746 40
4 934 898 877 898 880 843 931 843 75
4 697 1053 633 1053 636 1001 700 998 30
4 1862 1107 1814 1107 1811 1046 1871 1052 F
4 1947 1258 1896 1256 1885 1207 1939 1207 42
4 1983 1419 1911 1419 1915 1364 1987 1360 SD
4 515 1678 462 1680 464 1635 515 1631 20
4 594 2102 526 2102 526 2049 600 2047 60a
4 577 2212 537 2216 545 2157 581 2157 F
4 1063 2367 1054 2318 1113 2316 1113 2367 66
4 1217 2318 1215 2265 1292 2269 1287 2318 64a
4 1423 2263 1364 2263 1364 2214 1432 2210 55
4 1517 2206 1466 2210 1464 2161 1521 2163 45
4 1603 2214 1597 2161 1654 2165 1657 2208 50
4 1743 2210 1743 2159 1813 2166 1820 2210 64a
4 1949 2104 1896 2100 1892 2040 1955 2043 D2
