23
4 348 2905 351 2866 412 2868 411 2907 201
4 417 2519 414 2484 482 2484 482 2520 202
4 498 2680 498 2645 557 2642 560 2678 206
4 496 2995 493 3033 555 3034 556 2997 212
4 632 3046 632 3007 696 3005 697 3039 210
4 621 2835 620 2795 682 2796 684 2834 208
4 628 2657 627 2619 684 2615 685 2650 204
4 619 2485 617 2445 677 2447 681 2484 200
4 774 2904 775 2864 833 2865 835 2902 224
4 914 2988 917 2947 979 2949 975 2986 238
4 1017 2817 1018 2778 1075 2778 1077 2814 232
4 1005 2659 1006 2622 1064 2622 1064 2658 230
4 1142 2900 1145 2863 1201 2864 1201 2896 226
4 1365 2812 1365 2776 1425 2778 1423 2811 236
4 1355 2649 1355 2611 1419 2611 1417 2644 234
4 1511 2901 1506 2862 1569 2862 1569 2904 228
4 1780 3023 1777 2983 1841 2985 1842 3025 24
4 1802 2831 1802 2793 1860 2792 1859 2827 216
4 1665 2676 1662 2641 1727 2639 1727 2675 218
4 1791 2646 1791 2607 1851 2606 1851 2646 220
4 1661 2494 1661 2452 1724 2452 1723 2487 214
4 1927 2897 1927 2860 1992 2860 1989 2897 203
4 1976 2965 1908 2967 1908 2926 1972 2930 222
