34
4 1218 2690 1148 2690 1152 2640 1213 2640 15
4 1255 2579 1186 2575 1193 2541 1246 2531 16
4 2056 2576 1981 2579 1981 2524 2052 2522 11
4 1963 2177 2037 2172 2042 2242 1975 2247 C2
4 416 2299 415 2342 489 2338 486 2305 1
4 419 2200 423 2240 490 2240 483 2196 2
4 412 2093 417 2155 493 2156 486 2093 10
4 413 2001 415 2067 489 2067 485 2001 S1
4 413 1901 416 1963 480 1967 480 1901 B3
4 483 1864 412 1868 412 1816 478 1811 R1
4 2044 2059 1967 2062 1967 1979 2036 1978 PC1
4 416 1712 419 1772 489 1769 482 1710 G1
4 410 1611 415 1671 486 1672 483 1609 J1
4 479 1579 413 1580 413 1509 478 1506 G2
4 483 1478 412 1474 413 1411 475 1408 R2
4 410 1320 413 1381 476 1382 474 1322 B2
4 471 1281 401 1285 398 1218 469 1220 R3
4 475 1185 413 1185 410 1115 474 1120 J2
4 471 1084 401 1087 402 1016 471 1016 G3
4 469 981 401 983 405 914 468 916 B2
4 468 782 398 782 401 719 460 719 G4
4 469 682 401 678 398 619 461 619 J3
4 474 577 398 578 397 512 460 512 12
4 1270 620 1211 620 1215 563 1253 563 14
4 1241 523 1168 520 1167 471 1233 467 13
4 2034 1909 1971 1909 1971 1848 2034 1846 S2
4 2033 1757 1967 1760 1968 1697 2030 1697 C1
4 1953 1544 2027 1541 2029 1636 1966 1636 PC2
4 1964 1437 1955 1504 2030 1504 2027 1439 J4
4 1956 1315 2022 1314 2026 1407 1963 1406 PC3
4 2022 1252 1956 1252 1960 1183 2018 1183 S3
4 1953 1084 2021 1083 2025 1174 1957 1171 PC4
4 1955 991 2015 986 2019 1053 1963 1060 R4
4 1951 894 2019 891 2019 951 1957 957 S4
