43
4 782 2306 754 2306 749 2268 787 2268 T
4 1121 2239 1071 2235 1067 2204 1120 2203 Wf
4 1072 2294 1028 2294 1028 2259 1072 2259 S1
4 1054 2410 1005 2410 1005 2371 1051 2373 S3
4 1078 2560 1032 2557 1034 2522 1079 2522 VT
4 1079 2660 1036 2660 1035 2626 1073 2626 VT
4 1076 2760 1036 2759 1034 2723 1076 2719 VT
4 749 2386 718 2386 717 2351 749 2347 M
4 748 2452 714 2447 717 2414 743 2414 E
4 685 2575 645 2575 645 2538 682 2541 34
4 630 2598 581 2601 587 2564 627 2564 33
4 922 2475 874 2478 877 2435 922 2435 NT
4 664 2652 618 2652 616 2614 656 2615 S7
4 679 2762 634 2759 634 2726 679 2726 S6
4 723 2774 686 2773 688 2741 722 2741 30
4 780 2760 741 2763 741 2727 773 2729 32
4 767 2799 729 2799 732 2765 760 2765 31
4 822 2799 788 2799 788 2765 818 2765 74
4 616 2848 612 2813 657 2813 668 2843 BS
4 712 2907 667 2910 667 2880 710 2878 S9
4 730 2946 673 2948 677 2910 732 2913 S11
4 736 2987 695 2987 695 2953 736 2958 70
4 830 3028 796 3031 795 2996 829 2996 71
4 905 2884 866 2883 861 2851 902 2850 73
4 1065 2969 1024 2969 1024 2932 1060 2933 72
4 1051 3025 992 3029 992 2991 1054 2990 S10
4 1072 2872 1034 2873 1029 2836 1072 2833 S2
4 1150 2866 1112 2866 1109 2832 1150 2832 S8
4 1153 2784 1106 2786 1112 2752 1149 2754 S8
4 1152 2707 1105 2707 1105 2670 1146 2670 S8
4 1110 2988 1080 2988 1083 2951 1105 2953 8
4 1087 3029 1061 3031 1062 3003 1079 2995 9
4 1222 2983 1175 2983 1176 2954 1216 2953 S4
4 1253 3024 1212 3021 1211 2992 1253 2990 S5
4 1271 2336 1231 2336 1239 2296 1261 2296 2
4 1557 3029 1511 3031 1511 2996 1547 2994 21
4 1544 2806 1504 2803 1504 2774 1540 2770 11
4 1598 2590 1550 2589 1550 2557 1594 2556 1M
4 1614 2550 1572 2550 1572 2519 1614 2516 1B
4 1624 2491 1590 2491 1596 2456 1625 2456 1
4 1540 2335 1511 2335 1513 2299 1536 2301 3
4 1808 2364 1783 2362 1784 2327 1809 2328 4
4 1521 2251 1496 2250 1496 2213 1521 2213 5
