12
4 1029 2220 1029 2189 1078 2189 1078 2214 200
4 1340 2312 1288 2315 1292 2278 1339 2279 NO
4 1228 2386 1176 2388 1176 2353 1226 2353 YES
4 1021 2457 976 2458 976 2429 1024 2427 220
4 1078 2544 1029 2543 1028 2513 1071 2514 240
4 1339 2634 1291 2634 1294 2600 1336 2601 NO
4 1219 2715 1167 2713 1163 2682 1213 2680 YES
4 983 2781 938 2784 938 2754 987 2754 260
4 1071 2859 1024 2863 1026 2833 1070 2829 280
4 1523 2862 1526 2828 1568 2828 1567 2859 300
4 1340 2955 1291 2956 1295 2926 1336 2922 NO
4 1219 3037 1166 3038 1166 3007 1209 3005 YES
