23
4 1240 2384 1267 2385 1273 2350 1240 2350 1
4 1142 2440 1115 2440 1117 2410 1139 2410 2
4 948 2472 981 2473 982 2438 950 2437 11
4 1308 2442 1333 2442 1335 2412 1307 2412 3
4 1439 2440 1468 2441 1466 2408 1438 2409 4
4 1517 2408 1542 2408 1544 2438 1516 2437 5
4 1616 2441 1614 2411 1637 2412 1637 2443 6
4 1698 2486 1694 2451 1730 2452 1734 2486 6A
4 1765 2426 1767 2393 1788 2394 1788 2422 W
4 827 2680 828 2648 858 2648 859 2676 16
4 861 2928 827 2927 827 2897 860 2896 17
4 992 2611 971 2610 964 2576 993 2576 7
4 1283 2633 1248 2636 1248 2606 1280 2604 18
4 1240 2742 1210 2745 1214 2714 1233 2715 8
4 1139 3011 1105 3012 1109 2979 1134 2979 15
4 1335 3004 1299 3005 1298 2975 1327 2974 14
4 1458 2994 1418 2994 1416 2959 1450 2961 13
4 1516 2994 1481 2994 1480 2962 1511 2964 12
4 1444 2795 1410 2798 1407 2767 1442 2764 10
4 1410 2731 1388 2731 1387 2703 1407 2701 9
4 1458 2711 1419 2714 1419 2681 1452 2684 21
4 1542 2723 1505 2725 1501 2696 1541 2693 20
4 1620 2812 1619 2781 1653 2781 1655 2812 38
