61
4 912 1936 915 1960 943 1961 945 1938 64
4 888 2006 886 1978 916 1977 917 2006 74
4 887 2050 887 2020 918 2020 920 2047 52
4 889 2128 887 2100 918 2099 920 2126 74
4 918 2167 886 2167 888 2141 918 2141 56
4 919 2204 888 2206 890 2180 919 2181 74
4 918 2246 888 2246 889 2220 918 2220 48
4 918 2303 887 2303 887 2279 919 2280 66
4 992 2350 994 2321 1021 2320 1021 2343 66
4 983 1961 986 1936 1012 1937 1013 1959 48
4 1001 2007 1000 1981 1027 1979 1030 2003 64
4 1069 1983 1037 1983 1037 1962 1064 1961 12
4 1102 2045 1102 2019 1133 2022 1132 2042 48
4 1126 2097 1091 2098 1094 2072 1121 2073 54
4 1124 2243 1094 2243 1094 2218 1120 2220 54
4 1139 2347 1105 2347 1104 2320 1134 2322 48
4 1203 2291 1174 2292 1177 2264 1199 2264 12
4 1263 2263 1231 2264 1231 2241 1258 2241 90
4 1307 2245 1276 2247 1277 2220 1308 2220 98
4 1342 2428 1342 2402 1376 2404 1376 2426 66
4 1384 2234 1354 2234 1353 2209 1382 2209 66
4 1315 2070 1317 2048 1352 2045 1352 2069 68
4 1408 2022 1377 2022 1377 2000 1404 1998 98
4 1238 1933 1239 1907 1266 1907 1266 1929 94
4 1467 1930 1432 1928 1436 1904 1465 1902 90
4 1589 1944 1561 1944 1562 1917 1590 1913 10
4 1478 2050 1446 2049 1446 2023 1475 2022 12
4 1455 2141 1419 2142 1419 2121 1452 2120 80
4 1562 2263 1562 2238 1588 2238 1590 2260 68
4 1549 2422 1513 2423 1517 2397 1544 2397 66
4 908 3059 908 3089 942 3086 942 3060 28
4 977 3028 946 3023 942 3001 973 2999 30
4 922 2973 924 3000 955 2999 955 2975 34
4 885 2990 879 3018 915 3019 916 2993 32
4 894 2783 895 2813 922 2815 923 2789 14
4 970 2813 941 2814 943 2786 973 2786 18
4 1010 2925 971 2926 972 2898 1004 2898 34
4 1075 3048 1042 3046 1042 3027 1072 3027 34
4 1071 3075 1034 3074 1040 3048 1068 3049 32
4 1002 3057 1004 3087 1032 3083 1030 3059 30
4 1066 3104 1032 3105 1031 3078 1060 3076 34
4 1186 3076 1186 3106 1225 3101 1221 3075 14
4 1561 2970 1563 3000 1601 3001 1597 2972 12
4 1414 2952 1413 2983 1448 2985 1448 2957 26
4 1586 2867 1587 2895 1619 2898 1618 2871 14
4 1097 2886 1097 2917 1129 2918 1131 2893 46
4 1165 2917 1169 2941 1200 2942 1198 2917 18
4 1072 2705 1071 2737 1110 2732 1106 2704 26
4 1233 2840 1234 2866 1265 2864 1265 2839 46
4 1221 2804 1222 2830 1259 2828 1257 2805 46
4 1175 2647 1176 2673 1212 2669 1207 2646 38
4 1350 2758 1344 2790 1379 2785 1377 2759 46
4 1304 2727 1300 2759 1332 2759 1333 2736 36
4 1307 2586 1312 2612 1288 2614 1276 2590 14
4 1450 2731 1448 2761 1482 2762 1480 2734 30
4 1425 2606 1424 2632 1458 2632 1455 2607 32
4 1436 2569 1438 2597 1472 2598 1469 2570 18
4 1514 2596 1514 2623 1478 2626 1480 2598 30
4 1582 2596 1547 2598 1547 2574 1579 2573 28
4 1537 2658 1535 2690 1570 2686 1567 2658 18
4 1593 2684 1593 2651 1622 2652 1623 2684 32
