29
4 500 2839 498 2867 527 2867 528 2836 17
4 401 2724 374 2720 375 2689 400 2689 12
4 605 2800 573 2803 573 2766 605 2766 50
4 680 2799 646 2799 648 2769 674 2768 20
4 700 2769 699 2800 733 2800 732 2769 22
4 749 2700 752 2672 781 2669 781 2701 72
4 925 2802 927 2770 951 2770 953 2798 30
4 1009 2800 979 2800 979 2766 1010 2769 32
4 1125 2837 1122 2867 1153 2865 1153 2839 19
4 1284 2736 1254 2738 1254 2704 1286 2704 16
4 981 2600 953 2599 953 2573 984 2573 37
4 1045 2553 1013 2551 1010 2518 1043 2518 36
4 886 2545 857 2545 860 2515 888 2513 70
4 924 2504 893 2503 895 2477 923 2476 34
4 1156 2365 1123 2364 1125 2336 1160 2338 57
4 1095 2364 1065 2364 1067 2336 1097 2336 60
4 1010 2312 1007 2341 1040 2338 1040 2311 82
4 969 2339 940 2341 940 2311 969 2311 60
4 987 2225 984 2257 1013 2256 1014 2227 14
4 673 2599 673 2571 704 2571 704 2600 27
4 381 2526 383 2496 409 2496 409 2525 10
4 644 2548 613 2549 610 2521 641 2519 26
4 641 2498 610 2499 609 2470 640 2470 24
4 505 2335 504 2365 534 2365 534 2335 55
4 583 2364 547 2364 547 2336 580 2335 60
4 618 2339 618 2306 648 2308 647 2336 80
4 692 2312 692 2338 659 2338 659 2311 60
4 689 2263 661 2261 661 2233 688 2233 88
4 689 2182 654 2182 655 2152 689 2150 86
