13
4 1094 2688 1096 2825 1040 2825 1036 2694 232D
4 693 2078 638 2085 634 1988 691 1986 236
4 1062 2202 1010 2204 1008 2072 1070 2074 232C
4 1261 2089 1207 2091 1209 1963 1261 1960 240A
4 1688 2095 1629 2093 1631 1971 1684 1967 242A
4 1064 1975 1016 1973 1017 1843 1068 1841 232C
4 1068 1744 1012 1744 1019 1609 1070 1611 232C
4 1273 1633 1215 1624 1213 1496 1267 1496 240B
4 1693 1633 1637 1637 1635 1507 1695 1507 242B
4 1070 1520 1016 1519 1016 1374 1066 1380 232C
4 554 1385 494 1383 494 1280 548 1280 208
4 1603 901 1601 1036 1545 1034 1543 909 232A
4 1483 627 1481 764 1549 762 1547 634 232B
