15
4 917 2507 908 2579 1031 2573 1016 2510 126
4 436 2104 433 2221 355 2218 361 2107 EF0
4 887 2245 817 2233 811 2134 875 2131 EF1
4 1262 2245 1178 2245 1178 2134 1253 2131 EF2
4 1656 2245 1575 2242 1575 2149 1647 2140 EFd
4 793 1942 661 1939 685 1773 790 1782 SLIDE 0
4 658 1620 784 1614 796 1461 664 1443 SLICE 1
4 658 1145 676 1301 799 1304 799 1151 SLICE 2
4 508 1217 436 1211 439 1118 514 1121 122
4 2092 1175 2026 1181 2023 1094 2080 1088 124
4 1614 796 1761 796 1767 577 1620 574 STAGE 2
4 1253 775 1392 778 1389 562 1250 565 STAGE 1
4 1166 757 1094 769 1106 664 1157 664 120
4 857 778 995 784 989 568 860 574 STAGE 0
4 676 811 679 980 805 986 805 811 SLICE 3
