31
4 1169 1928 1136 1930 1132 1883 1166 1883 H
4 633 2176 589 2176 586 2131 631 2131 C4
4 796 2170 749 2168 747 2138 796 2134 C2
4 779 2215 696 2219 700 2170 781 2172 MOP1
4 880 2305 770 2303 775 2256 875 2258 R1(N2)
4 556 2406 552 2361 642 2365 642 2406 MOP2
4 567 2470 511 2468 520 2431 563 2433 H
4 721 2455 723 2557 640 2544 653 2453 PC1(N3)
4 775 2506 773 2457 871 2465 871 2504 S1(N1)
4 588 2778 552 2776 546 2731 586 2727 IS
4 856 2880 792 2880 796 2833 854 2833 PG1
4 1008 2637 1008 2684 970 2681 969 2637 IP
4 1121 2352 1079 2350 1076 2309 1113 2309 C1
4 1081 2174 995 2174 1008 2129 1072 2134 MIP2
4 1096 2093 1055 2097 1057 2054 1096 2054 B2
4 1213 2110 1169 2110 1173 2067 1213 2069 B1
4 1314 2116 1282 2114 1280 2074 1314 2072 F
4 1158 2455 1151 2549 1231 2549 1226 2459 PC2(N6)
4 1286 2504 1288 2455 1372 2461 1374 2506 S2(N7)
4 1383 2303 1280 2303 1280 2251 1378 2251 R2(N5)
4 1374 2880 1290 2878 1290 2838 1370 2834 SPG1
4 1556 2833 1556 2872 1637 2878 1631 2833 SPG2
4 1500 2940 1436 2945 1438 2900 1504 2902 PG2
4 1718 2635 1642 2635 1641 2594 1708 2596 MIP1
4 1673 2504 1560 2500 1566 2455 1669 2455 S3(N4)
4 1520 2324 1453 2324 1453 2226 1517 2232 PC3(N7)
4 1665 2298 1567 2298 1567 2253 1667 2253 R3(N6)
4 1853 2326 1808 2326 1808 2284 1855 2281 C3
4 1856 2185 1802 2185 1802 2142 1862 2144 VIP
4 1956 2110 1903 2104 1911 2059 1956 2059 OP
4 1965 2774 1915 2774 1917 2731 1965 2729 OS
