17
4 700 693 700 770 826 780 836 717 CCH
4 1148 654 1148 742 1239 742 1235 654 IL
4 1480 696 1480 784 1624 784 1624 700 CCH
4 1834 836 1834 917 1911 903 1904 826 11
4 1120 1414 1218 1421 1218 1351 1134 1351 SQ
4 1445 1400 1505 1403 1501 1340 1449 1344 P
4 1242 2002 1347 2009 1347 2065 1256 2068 CB
4 696 2240 696 2320 626 2320 626 2236 4b
4 710 2145 840 2145 840 2201 721 2236 14a
4 938 2177 1036 2170 1036 2250 948 2261 PB
4 1081 2212 1186 2222 1176 2310 1085 2296 CB
4 1228 2180 1323 2187 1319 2254 1256 2268 PB
4 1484 2145 1624 2149 1624 2215 1498 2219 14a
4 1578 2243 1715 2243 1704 2320 1596 2334 14b
4 1746 2436 1855 2436 1851 2523 1760 2523 11
4 1197 2985 1309 2985 1312 3066 1221 3066 CB
4 1783 1530 1861 1522 1861 1593 1786 1593 11
