16
4 1039 549 1186 553 1176 633 1067 647 23
4 1228 1036 1225 948 1312 966 1340 1022 25
4 1379 945 1379 857 1491 875 1487 955 26
4 1137 1169 1130 1078 1256 1085 1256 1155 27
4 640 1256 630 1179 752 1179 728 1263 18'
4 969 1267 969 1193 1067 1193 1071 1274 22
4 924 1319 924 1267 1029 1274 1025 1330 24
4 1480 1400 1480 1323 1547 1312 1585 1368 21
4 577 1480 570 1389 661 1393 668 1494 X
4 854 1494 854 1424 934 1417 924 1494 X
4 563 1610 556 1526 665 1515 658 1617 18'
4 794 1582 794 1508 840 1508 850 1571 5
4 896 1624 878 1547 948 1543 969 1610 20
4 892 1935 896 1820 994 1848 983 1939 19
4 735 1970 836 1963 826 2040 756 2033 18'
4 826 2205 815 2107 910 2107 920 2201 16
