30
4 679 581 682 668 798 668 798 584 12
4 1270 626 1270 689 1382 686 1382 619 12a
4 1820 612 1820 686 1918 693 1921 612 12c
4 2023 826 2023 906 2096 906 2114 833 13
4 1827 1060 1970 1025 1949 1099 1834 1127 12c
4 1253 1050 1358 1050 1347 1141 1260 1141 12b
4 1085 1417 1081 1501 1176 1505 1179 1417 12a
4 1400 1739 1407 1813 1557 1813 1533 1729 14a
4 1645 1410 1645 1491 1750 1505 1757 1421 14
4 1897 1424 1897 1498 1998 1498 1974 1417 13
4 1249 2093 1256 2194 1400 2191 1375 2100 12b
4 1484 2138 1582 2135 1585 2198 1487 2222 14
4 1589 1820 1582 1918 1690 1907 1690 1820 14a
4 1865 2128 1977 2124 1967 2215 1907 2226 13
4 745 2600 836 2600 833 2516 759 2516 12
4 1071 2537 1186 2530 1165 2604 1074 2604 12a
4 1676 2513 1666 2614 1739 2618 1743 2534 14
4 1263 2961 1396 2961 1372 3045 1277 3031 12b
4 1487 2971 1603 2961 1582 3034 1508 3038 14
4 2016 2726 2086 2726 2093 2810 2026 2821 13
4 919 629 1005 634 1003 697 927 689 15a
4 1029 634 1089 640 1099 694 1042 692 16a
4 1540 627 1627 627 1629 694 1543 692 17a
4 1650 629 1726 629 1723 689 1658 684 18a
4 1948 948 2029 948 2034 1018 1950 1016 17a
4 2047 953 2104 950 2102 1005 2057 1010 18
4 572 1057 640 1065 627 1125 572 1125 15
4 650 1065 708 1068 705 1123 663 1123 16
4 1402 2525 1472 2522 1470 2590 1399 2592 20
4 1499 2527 1548 2522 1546 2582 1493 2592 19
