24
4 1081 710 1074 829 1183 829 1183 721 A
4 1463 875 1358 868 1358 770 1463 766 9
4 1918 987 1893 1099 1995 1095 2002 990 2
4 1827 1200 1830 1305 1914 1305 1914 1204 6
4 1830 1330 1827 1438 1907 1431 1907 1340 5
4 1809 1536 1988 1536 1988 1435 1858 1428 11a
4 1806 1634 1942 1634 1942 1536 1862 1536 4i
4 1970 1732 1795 1732 1806 1634 1956 1634 11c
4 1949 1876 1813 1876 1823 1781 1970 1781 4h
4 1921 2026 1788 2026 1799 1928 1935 1921 4f
4 1956 2166 1813 2166 1809 2068 1942 2068 4g
4 1813 2226 1967 2222 1960 2324 1827 2320 4b
4 1960 2464 1788 2460 1806 2345 1949 2362 4a
4 1918 2604 1820 2604 1823 2492 1921 2495 3
4 1330 3020 1316 3125 1428 3125 1442 3006 A
4 689 2642 595 2639 598 2534 700 2534 4
4 735 2408 588 2408 595 2299 714 2299 4c
4 745 2191 574 2191 581 2089 756 2089 4d
4 752 2037 605 2047 595 1946 728 1949 4e
4 707 1893 591 1893 612 1778 703 1781 8
4 717 1613 574 1613 591 1498 717 1501 11
4 738 1459 588 1463 595 1365 731 1368 7a
4 696 1326 563 1326 581 1225 686 1228 7
4 728 1190 577 1179 591 1039 735 1071 6a
