13
4 1302 1396 1379 1396 1375 1442 1298 1442 48
4 1484 1270 1582 1277 1564 1368 1487 1365 50
4 1585 847 1701 854 1683 920 1603 927 12
4 1365 612 1459 609 1470 525 1382 511 38
4 1099 560 1214 560 1186 637 1106 637 46
4 350 2075 339 2187 430 2184 444 2079 12
4 1046 2047 1158 2047 1162 1970 1071 1970 50
4 1029 2138 1148 2131 1144 2047 1067 2047 48
4 1025 2292 1144 2292 1148 2380 1039 2376 52
4 1515 2121 1501 2201 1627 2201 1613 2131 52
4 2051 2310 2149 2310 2152 2401 2047 2387 48
4 2026 2121 2026 2208 2152 2208 2138 2121 50
4 2082 1953 2180 1956 2166 2030 2089 2033 12
