43
4 709 1701 776 1699 768 1771 720 1768 19
4 450 1478 452 1527 532 1529 535 1460 16
4 1033 1586 1033 1642 1126 1642 1131 1575 120
4 1151 1575 1151 1632 1221 1637 1223 1581 122
4 1252 1581 1252 1645 1342 1640 1347 1583 174
4 1426 1581 1416 1640 1360 1637 1349 1588 130
4 1450 1583 1450 1642 1524 1642 1524 1568 132
4 1789 1691 1789 1745 1856 1740 1853 1689 17
4 1624 1573 1624 1632 1719 1622 1717 1570 140
4 1794 1570 1794 1629 1748 1632 1735 1588 142
4 1874 1622 1802 1624 1804 1568 1866 1568 172
4 2015 1434 2010 1493 2074 1498 2071 1442 12
4 1789 1390 1784 1444 1868 1442 1866 1390 146
4 1665 1229 1665 1293 1743 1293 1748 1234 147
4 1390 1236 1393 1295 1483 1290 1478 1226 137
4 1082 1246 1079 1295 1185 1285 1177 1223 127
4 1203 1139 1190 1205 1264 1200 1277 1151 126
4 1470 1172 1470 1223 1563 1213 1547 1162 136
4 995 1061 992 1126 1079 1118 1077 1059 124
4 666 1159 750 1159 735 1211 681 1218 B
4 817 1167 815 1226 750 1226 758 1159 A
4 848 1074 846 1144 920 1144 930 1085 192
4 861 977 853 1051 933 1054 948 984 190
4 486 745 486 802 568 802 565 745 157
4 589 735 583 802 655 804 658 745 160
4 702 851 699 892 789 900 789 843 MG2
4 684 707 689 766 753 766 758 704 160
4 799 699 802 779 884 761 887 696 182
4 979 784 974 835 1054 835 1054 771 180
4 1131 779 1128 820 1069 833 1067 776 160
4 1072 920 1072 969 1172 969 1164 912 MG1
4 1193 820 1193 882 1259 879 1277 830 160
4 1300 804 1300 887 1370 887 1380 812 155
4 1282 969 1285 1041 1360 1025 1360 964 170
4 1439 961 1439 1028 1347 1031 1370 969 134
4 1460 964 1455 1023 1539 1025 1545 964 150
4 1606 954 1606 1013 1671 1018 1683 966 144
4 1707 964 1707 1036 1781 1031 1781 969 152
4 1807 804 1799 879 1886 884 1904 807 160
4 1488 604 1478 714 1575 712 1588 625 188
4 1501 488 1491 560 1583 560 1581 493 186
4 1822 475 1809 560 1920 550 1915 483 110
4 1917 583 1917 655 2005 655 2005 586 114
