32
4 1127 2821 1228 2821 1232 2933 1130 2912 Y
4 1263 2821 1375 2824 1386 2933 1291 2936 y
4 1389 2803 1505 2810 1473 2950 1407 2933 110
4 1575 2800 1575 2922 1477 2919 1480 2817 113
4 1599 2814 1697 2814 1690 2940 1617 2933 114
4 542 2492 689 2492 689 2569 570 2611 131
4 836 2341 822 2460 920 2453 920 2359 XX'
4 1946 2635 1946 2726 2040 2730 2044 2632 112
4 2044 2551 1925 2562 1928 2478 2023 2474 100
4 1946 2450 1946 2369 2030 2362 2030 2460 111
4 1946 2187 1946 2299 2023 2278 2033 2215 120
4 2037 2026 1928 2030 1946 1925 2016 1925 220
4 2040 1851 1928 1851 1935 1760 2054 1760 200
4 2040 1690 1932 1683 1939 1585 2051 1589 233
4 2051 1547 1932 1547 1939 1466 2051 1470 232
4 2044 1435 1942 1438 1942 1372 2030 1365 230
4 1939 1337 2051 1340 2033 1249 1949 1246 231
4 665 2082 570 2072 570 1974 661 1974 211
4 665 1911 574 1911 570 1841 668 1823 221
4 665 1746 574 1746 570 1690 651 1687 P
4 672 1645 567 1631 567 1564 675 1564 N
4 675 1515 584 1515 574 1438 651 1431 213
4 560 1396 679 1417 647 1305 584 1302 314
4 2051 1025 1956 1025 1967 927 2051 931 300
4 2029 768 1937 752 1945 619 2029 621 A-A
4 1631 651 1743 658 1743 553 1662 549 313
4 1470 637 1582 637 1582 553 1494 553 311
4 1414 640 1316 644 1309 553 1382 549 310
4 1221 549 1291 535 1284 455 1214 469 Y'
4 1116 661 1197 658 1197 560 1141 560 214
4 847 651 962 651 962 553 875 542 210
4 556 651 686 651 672 546 574 549 312
