23
4 500 521 493 619 605 619 588 532 A
4 640 402 640 486 749 486 745 413 100
4 850 472 854 402 934 402 945 458 120
4 1127 472 1015 490 1018 402 1123 409 111
4 1312 483 1389 483 1389 560 1263 570 Y
4 1456 420 1456 483 1550 486 1557 413 110
4 1627 490 1631 402 1711 406 1725 472 112
4 1897 479 1771 479 1771 402 1883 402 130
4 507 812 504 875 584 882 581 791 X'
4 2002 836 2128 826 2124 903 2023 906 X
4 1914 1113 1907 1200 2047 1200 2040 1127 221
4 1953 1246 1946 1319 2023 1330 2023 1235 P
4 1897 1407 2047 1410 2044 1487 1925 1473 212
4 1942 1578 1946 1690 2037 1669 2019 1578 N
4 560 1113 560 1211 672 1214 686 1134 220
4 581 1249 581 1340 675 1337 679 1253 200
4 581 1452 577 1372 668 1375 665 1445 211
4 577 1515 577 1596 707 1596 689 1508 230
4 542 1946 686 1946 689 2019 563 2012 300
4 556 2131 553 2222 724 2201 693 2121 310
4 486 2261 486 2352 591 2348 577 2264 A
4 1291 2401 1410 2401 1396 2495 1305 2478 Y'
4 1928 2131 1928 2229 2047 2236 2040 2138 210
