51
4 1554 511 1592 661 1669 647 1655 514 2
4 637 371 637 434 700 434 714 378 80
4 686 483 686 535 749 528 745 476 79
4 812 574 728 584 728 521 808 521 142
4 836 483 840 560 931 553 934 486 142
4 885 647 822 647 822 581 889 581 78
4 889 784 791 780 787 707 861 707 74
4 850 934 749 931 749 864 819 864 72
4 388 850 392 920 504 917 500 840 74
4 374 661 374 728 483 724 472 644 142
4 542 591 542 661 476 661 444 602 142
4 1001 770 938 784 938 686 990 693 4
4 980 969 983 1064 1081 1057 1081 976 82
4 1207 630 1211 707 1288 707 1288 630 64
4 1351 745 1263 749 1270 682 1330 682 76
4 1379 815 1309 826 1309 759 1379 756 86
4 1463 808 1456 889 1375 889 1372 801 86
4 1480 773 1547 777 1575 836 1501 861 60
4 1491 892 1585 892 1557 955 1498 959 84
4 1452 1029 1568 1032 1557 959 1491 959 88
4 1711 892 1715 980 1771 980 1778 917 20
4 1291 1032 1291 1095 1372 1109 1379 1053 110
4 1522 1057 1522 1106 1589 1109 1582 1050 92
4 1589 1190 1589 1127 1536 1127 1529 1176 90
4 1526 1260 1526 1337 1449 1337 1442 1281 108
4 1477 1403 1396 1414 1396 1344 1477 1344 106
4 1550 1473 1550 1554 1673 1536 1652 1480 102
4 1753 1480 1753 1554 1669 1564 1669 1484 104
4 1718 1071 1718 1134 1799 1134 1802 1081 94
4 1718 1207 1802 1193 1802 1130 1725 1130 96
4 1837 1263 1764 1260 1760 1193 1827 1183 98
4 1862 1344 1771 1347 1774 1281 1855 1281 100
4 1907 1281 1904 1358 1970 1354 1974 1291 14
4 2019 1183 2019 1260 2110 1249 2110 1190 111
4 2075 1417 2075 1498 2128 1494 2135 1431 12
4 2005 1634 2005 1704 2100 1704 2093 1648 14
4 1788 1753 1879 1753 1876 1683 1795 1687 14
4 679 1053 679 1113 728 1116 731 1046 6
4 787 1032 791 1109 857 1109 854 1043 8
4 542 1099 542 1169 605 1169 609 1106 52
4 427 1162 420 1253 497 1253 507 1190 8
4 686 1295 794 1295 794 1190 696 1190 50
4 794 1386 700 1382 700 1302 773 1302 70
4 822 1435 822 1389 728 1386 731 1445 128
4 808 1491 731 1491 735 1435 822 1435 118
4 875 1526 805 1526 805 1463 861 1463 66
4 521 1547 518 1620 591 1620 595 1568 56
4 735 1561 735 1631 808 1631 812 1578 56
4 801 1697 717 1697 717 1634 794 1634 54
4 731 1753 731 1830 798 1820 819 1764 58
4 721 1946 833 1942 833 2051 710 2058 62
