48
4 371 784 371 920 441 906 472 805 100
4 770 598 766 714 854 714 868 605 184
4 1071 546 1071 672 1162 668 1151 549 198
4 707 1004 700 1116 773 1102 787 1015 144
4 878 962 878 1067 980 1071 980 973 146
4 1428 854 1428 955 1512 955 1501 864 IV
4 1491 1064 1407 1060 1403 973 1498 973 197
4 1529 1225 1403 1228 1403 1120 1508 1120 196
4 1487 1319 1407 1309 1407 1235 1477 1235 140
4 1519 1421 1442 1414 1417 1323 1512 1316 160
4 1526 1512 1421 1508 1424 1417 1508 1417 III
4 1484 1676 1407 1676 1414 1596 1477 1582 195
4 1494 1802 1393 1788 1417 1711 1498 1711 194
4 1522 1907 1424 1907 1431 1809 1515 1799 130
4 1533 2012 1428 2016 1431 1946 1505 1946 II
4 1386 2040 1498 2047 1501 2117 1410 2121 120
4 423 1197 427 1291 504 1305 507 1218 V
4 392 1480 493 1477 493 1375 395 1375 185
4 493 1659 402 1659 402 1561 486 1554 116
4 472 1904 353 1907 357 1785 458 1788 199
4 742 1228 644 1235 644 1134 745 1134 181
4 969 1179 1067 1183 1071 1074 983 1081 147
4 1176 1284 1085 1288 1092 1162 1179 1162 142
4 980 1382 878 1372 889 1277 987 1277 157
4 1050 1508 941 1508 941 1396 1032 1396 170
4 724 1641 805 1638 805 1512 745 1512 134
4 934 1606 840 1606 840 1494 917 1494 150
4 1144 1620 1039 1634 1043 1526 1134 1522 132
4 1242 1599 1144 1596 1144 1519 1256 1515 152
4 1060 1760 983 1760 969 1652 1057 1652 137
4 938 1872 840 1865 843 1778 924 1764 154
4 1148 1907 1043 1911 1050 1802 1120 1802 136
4 1123 2082 1018 2079 1018 1981 1113 1981 170
4 385 2250 514 2250 518 2117 392 2121 180
4 745 2117 749 2208 836 2222 840 2114 124
4 938 2163 843 2163 840 2068 913 2068 158
4 1130 2191 1025 2191 1032 2089 1116 2086 122
4 1512 2282 1400 2289 1400 2173 1487 2173 192
4 1494 2450 1351 2436 1375 2313 1498 2320 188
4 1438 2520 1431 2600 1519 2590 1522 2509 I
4 1291 2821 1284 2933 1179 2929 1186 2821 112
4 1106 2772 1106 2884 1025 2884 1008 2782 186
4 896 2835 773 2821 773 2719 836 2698 182
4 675 2838 560 2842 563 2719 651 2733 114
4 724 2471 829 2471 833 2366 745 2359 190
4 973 2320 980 2229 1074 2233 1060 2327 127
4 899 2387 889 2499 1004 2516 1011 2411 126
4 1148 2485 1039 2485 1039 2383 1144 2383 156
