24
4 1613 1305 1771 1288 1739 1123 1620 1134 600
4 1407 1263 1526 1263 1515 1106 1435 1109 420
4 1603 1470 1606 1564 1487 1571 1498 1466 345
4 1442 1368 1442 1491 1522 1473 1522 1368 320
4 1011 1186 1011 1326 1134 1316 1127 1176 235
4 1057 997 1053 1134 1165 1127 1162 1015 270
4 1263 1134 1256 1232 1193 1232 1193 1130 410
4 1050 717 1050 885 1207 854 1186 682 260
4 728 637 714 798 854 791 854 647 200
4 605 1253 588 1421 759 1382 745 1235 250
4 882 1281 906 1417 808 1442 777 1277 280
4 574 1592 588 1736 721 1729 682 1571 100
4 787 1501 784 1655 700 1645 686 1505 130
4 889 1491 885 1617 812 1617 805 1484 120
4 1746 1862 1750 2026 1641 2023 1648 1862 300
4 1536 1911 1571 2058 1477 2079 1477 1928 360
4 784 1946 798 2082 903 2079 882 1946 110
4 672 1974 773 1981 784 2149 700 2180 225
4 581 2114 581 2313 703 2306 689 2128 230
4 784 2355 784 2509 682 2523 675 2369 240
4 1253 2653 1417 2653 1396 2793 1281 2793 400
4 1529 2492 1522 2646 1421 2639 1428 2485 365
4 1578 2401 1484 2418 1494 2292 1561 2292 345
4 1893 2026 1886 2184 1981 2184 1977 2037 600
