58
4 644 2450 644 2534 714 2530 721 2446 1
4 500 2408 616 2408 616 2492 514 2506 42
4 528 2299 528 2387 633 2404 619 2289 46
4 504 2187 647 2177 626 2243 504 2254 45
4 528 2051 528 2145 605 2145 602 2054 40
4 518 1914 521 2009 630 2012 602 1921 44
4 1081 2443 1081 2541 1193 2530 1193 2439 4
4 1239 2439 1239 2544 1351 2541 1354 2443 5
4 1400 2457 1400 2537 1498 2537 1494 2443 6
4 1547 2450 1547 2544 1655 2544 1655 2450 7
4 1701 2443 1704 2541 1802 2537 1813 2443 8
4 1855 2443 1855 2534 1967 2537 1967 2439 9
4 1851 2303 1851 2397 1960 2404 1963 2313 46
4 2061 2306 2061 2394 1970 2387 1981 2292 42
4 1998 2163 1998 2250 2072 2250 2075 2173 45
4 1858 2191 1855 2285 1942 2264 1956 2180 44
4 1711 2180 1711 2278 1820 2278 1816 2170 40
4 1984 1977 1981 2082 2093 2089 2082 1991 40
4 1396 2205 1396 2296 1494 2289 1498 2191 36
4 1676 1963 1809 1977 1816 2058 1687 2079 49
4 1550 1743 1550 1816 1666 1820 1666 1739 49
4 1393 1921 1396 2016 1508 1984 1508 1907 34
4 1092 1827 1092 1911 1176 1904 1193 1841 49
4 675 1494 675 1603 794 1596 784 1501 60
4 1092 1494 1092 1592 1228 1596 1218 1498 31
4 1407 1540 1407 1606 1501 1606 1498 1550 31
4 1431 1477 1533 1480 1529 1547 1449 1554 38
4 1403 1379 1403 1480 1519 1470 1487 1372 32
4 1253 1249 1242 1330 1326 1333 1333 1267 30
4 1764 1501 1764 1575 1904 1561 1893 1498 39
4 1946 1491 1932 1578 2051 1582 2058 1501 33
4 1806 1386 1799 1456 1904 1463 1883 1403 22
4 1816 1337 1893 1337 1890 1396 1820 1407 20
4 1788 1260 1785 1347 1865 1344 1872 1281 24
4 1792 1183 1792 1239 1872 1242 1862 1186 21
4 1886 1172 1886 1228 1963 1228 1960 1179 59
4 1897 1102 1897 1158 1981 1162 1981 1106 56
4 1886 1039 1886 1099 1953 1099 1963 1050 54
4 1900 973 1900 1029 1977 1029 1981 976 52
4 1890 906 1890 969 1960 969 1963 903 50
4 1491 990 1491 1057 1596 1050 1589 1004 21
4 1522 906 1519 983 1599 983 1599 920 26
4 1613 826 1613 889 1704 889 1722 840 29
4 1368 927 1372 1018 1473 1018 1470 941 15
4 1008 1393 1008 1463 1130 1463 1127 1393 22
4 721 1403 721 1470 812 1480 801 1403 39
4 696 1120 696 1218 798 1221 794 1127 21
4 1001 1225 1099 1225 1092 1295 1015 1298 24
4 1109 1172 997 1172 1001 1113 1074 1113 21
4 1011 1036 1109 1036 1109 1095 1032 1116 20
4 588 997 703 997 689 1074 609 1092 59
4 609 896 609 994 693 994 682 903 50
4 997 910 997 1011 1092 1011 1074 906 26
4 854 815 854 913 938 913 959 829 29
4 756 724 756 822 847 819 840 749 15
4 1256 717 1253 794 1312 798 1309 724 15
4 1400 756 1400 864 1305 861 1333 766 10
4 1627 532 1627 644 1753 647 1739 553 23
