18
4 1694 735 1697 854 1813 854 1827 749 20
4 1487 770 1491 864 1596 892 1617 798 16
4 1309 689 1316 787 1421 801 1431 696 27
4 1235 668 1239 777 1169 766 1137 679 18
4 1081 766 1081 875 1190 878 1200 784 24
4 983 896 983 1032 1109 1022 1088 899 28
4 1060 1127 934 1127 941 1018 1046 1032 25
4 843 1039 854 1165 948 1172 927 1053 26
4 794 1151 805 1274 878 1260 875 1158 17
4 549 1764 546 1932 710 1928 672 1757 17
4 1753 1295 1736 1428 1904 1403 1879 1281 29
4 1610 1477 1610 1596 1725 1603 1725 1484 15
4 1442 1662 1435 1767 1501 1778 1512 1680 14
4 1298 1767 1316 1890 1393 1876 1393 1771 12
4 1494 1879 1494 1974 1627 1974 1585 1872 11
4 1599 2044 1596 2187 1711 2180 1694 2040 13
4 486 2628 465 2747 605 2751 612 2625 5
4 1162 2677 1151 2803 1284 2782 1281 2660 12
