17
4 1739 1771 1739 1869 1890 1883 1897 1795 23
4 1106 1683 1106 1813 1263 1802 1239 1697 22
4 913 1704 913 1809 1039 1788 1043 1680 21
4 791 1589 794 1697 927 1701 924 1617 20
4 563 535 567 661 693 651 647 514 18
4 913 626 903 756 1015 759 1015 616 15
4 1904 1302 1904 1456 2058 1445 2044 1305 19
4 1939 1116 1939 1256 2075 1253 2047 1106 16
4 1697 598 1697 731 1841 766 1865 605 17
4 1680 462 1680 591 1501 584 1515 451 25
4 1386 483 1515 486 1519 388 1396 388 26
4 500 2642 511 2761 665 2761 647 2632 16
4 728 2142 875 2142 878 2023 784 2033 24
4 1613 2082 1494 2093 1508 1967 1634 1967 15
4 1680 2128 1792 2128 1764 2240 1662 2254 18
4 1711 2537 1848 2509 1844 2649 1732 2642 28
4 1613 2908 1753 2908 1757 3076 1613 3048 29
