14
4 693 2324 815 2320 833 2390 731 2425 2
4 392 1372 406 1470 539 1477 532 1365 61
4 1837 2187 1981 2170 1946 2037 1837 2079 66
4 2058 1851 1932 1848 1932 1750 2030 1753 61
4 2142 1648 2026 1648 2030 1529 2124 1540 60
4 2149 1361 2026 1365 2026 1253 2142 1253 70
4 1970 1064 1872 1064 1907 973 1960 973 4
4 1767 980 1876 997 1879 917 1792 913 62
4 1666 899 1760 899 1739 815 1669 819 72
4 1592 721 1592 826 1687 815 1673 749 50
4 1351 686 1351 777 1438 777 1438 686 54
4 1127 714 1127 794 1218 801 1242 728 58
4 787 885 791 987 903 987 903 892 64
4 644 934 644 1036 707 1029 714 948 4
