24
4 1557 546 1704 546 1683 647 1571 640 10
4 1666 717 1760 717 1753 787 1676 798 11
4 1274 794 1274 878 1396 882 1400 798 24b
4 1463 801 1456 889 1550 885 1550 805 20
4 1351 1109 1351 1207 1463 1214 1459 1120 23
4 1337 1270 1337 1375 1428 1386 1470 1302 23
4 889 1134 896 1239 1046 1221 1025 1123 18
4 1018 1550 1018 1659 1092 1652 1123 1592 22
4 1344 1554 1344 1673 1498 1662 1484 1561 24e
4 1750 1267 1883 1267 1883 1361 1760 1358 24c
4 1743 1106 1746 1207 1851 1211 1834 1113 21
4 1589 1949 1592 2054 1708 2054 1708 1946 101
4 1652 2103 1816 2107 1792 2215 1662 2219 111
4 1295 2208 1295 2310 1428 2310 1410 2233 24b
4 1463 2226 1575 2219 1564 2303 1491 2317 20
4 1354 2534 1361 2656 1477 2660 1477 2527 23
4 1361 2677 1361 2793 1477 2793 1480 2674 23
4 1760 2380 1764 2464 1844 2464 1851 2376 30
4 1872 2534 1757 2534 1757 2464 1851 2464 31
4 1883 2625 1743 2628 1750 2534 1890 2534 211
4 1764 2684 1893 2684 1890 2782 1767 2789 24c
4 931 2558 931 2656 1029 2656 1046 2555 18
4 1018 2999 1134 2999 1134 3069 1046 3104 22
4 1351 2999 1354 3069 1498 3069 1498 2996 24e
