16
4 1480 1106 1599 1088 1561 997 1498 1015 4
4 1214 668 1354 672 1354 567 1239 567 5c
4 1298 1214 1298 1319 1400 1305 1400 1200 5b
4 1029 1172 1032 1263 1109 1249 1109 1165 5
4 952 1211 952 1302 1029 1291 1025 1218 f
4 1141 1550 1158 1683 1242 1690 1253 1568 3c
4 1715 1708 1722 1855 1823 1851 1799 1718 7a
4 644 1575 644 1676 759 1687 749 1585 10
4 430 1592 427 1683 500 1683 497 1603 7
4 637 2005 637 2100 745 2103 745 2012 3d
4 1137 2222 1141 2331 1225 2285 1200 2212 2
4 868 2485 871 2597 941 2583 948 2492 3b
4 1032 2492 1032 2604 962 2569 962 2495 3a
4 913 2677 987 2674 973 2583 920 2583 3
4 1134 2737 1134 2828 1267 2807 1253 2733 1
4 1224 2081 1224 2167 1290 2170 1305 2076 5a
