35
4 444 1088 444 1203 548 1196 548 1109 19
4 439 1543 462 1430 546 1441 543 1504 10
4 548 1744 559 1658 663 1655 658 1725 16
4 1010 1490 1010 1404 1088 1410 1083 1477 b
4 1005 1556 1075 1556 1070 1488 1008 1488 c
4 506 1903 598 1903 608 1817 522 1817 11
4 504 2015 504 1921 642 1924 619 2002 12
4 919 1845 924 1932 1008 1932 1008 1838 17
4 1010 2099 1005 2005 1078 2007 1081 2080 18
4 1785 1083 1780 1175 1864 1175 1872 1109 19
4 1216 1305 1316 1305 1313 1227 1242 1240 16
4 1196 1537 1196 1436 1289 1436 1300 1519 10
4 1211 1621 1316 1621 1313 1535 1240 1543 12
4 1425 1681 1436 1603 1530 1603 1527 1668 17
4 1459 1493 1556 1496 1551 1415 1467 1415 11
4 1801 1485 1895 1485 1887 1420 1814 1425 b
4 1906 1577 1819 1577 1814 1490 1890 1496 c
4 1843 1684 1741 1686 1749 1613 1861 1618 18
4 1793 1895 1791 1981 1877 1979 1879 1908 23
4 1845 2067 1934 2067 1924 1971 1840 1986 22
4 1762 2214 1872 2214 1856 2138 1788 2140 11
4 1754 2420 1835 2420 1838 2339 1770 2347 12
4 1767 2579 1874 2576 1866 2490 1785 2501 20
4 1242 2310 1182 2310 1185 2245 1258 2245 10
4 1219 2133 1219 2219 1316 2219 1316 2135 13
4 1504 2229 1597 2232 1582 2172 1519 2177 21
4 439 2321 444 2391 525 2407 532 2328 22
4 418 2529 548 2516 538 2438 433 2438 23
4 428 2676 423 2767 514 2764 514 2683 10
5 454 2879 569 2879 561 2817 462 2803 475 2858 12
4 446 2997 569 2997 569 2918 462 2918 20
4 963 2908 1060 2908 1049 2827 961 2827 11
4 997 2681 1102 2686 1086 2589 984 2602 13
4 687 2587 762 2587 754 2524 700 2524 14
4 720 2469 791 2469 788 2532 710 2522 21
