20
4 737 752 815 752 819 829 739 823 54
4 1205 552 1268 548 1262 619 1203 619 36
4 1178 876 1254 878 1241 956 1178 953 50
6 674 1096 750 1102 746 1186 748 1203 703 1193 689 1189 102
4 989 1113 1054 1117 1052 1201 985 1186 42
4 1222 1392 1296 1394 1291 1476 1220 1470 44
5 1279 1754 1376 1764 1369 1848 1292 1835 1275 1829 22
4 376 1378 451 1382 445 1451 372 1451 52
4 370 1604 462 1619 451 1695 378 1684 52
4 298 2358 389 2365 382 2453 286 2432 20
4 512 2510 586 2514 582 2575 521 2573 46
4 491 2743 557 2743 552 2818 493 2814 94
4 603 2799 666 2801 661 2886 599 2879 38
4 808 2486 878 2486 874 2571 806 2556 30
4 1336 2675 1403 2680 1397 2764 1333 2751 28
4 1394 2442 1449 2447 1449 2520 1386 2508 98
4 1348 2274 1418 2276 1420 2344 1355 2339 32
5 1730 2423 1800 2424 1802 2505 1728 2495 1728 2442 34
4 803 2217 871 2217 874 2291 803 2282 48
4 939 2220 991 2220 991 2301 942 2294 40
