39
4 784 1448 862 1448 858 1516 778 1510 82
4 886 1359 963 1356 954 1424 883 1417 44
4 1050 1387 1121 1383 1112 1451 1053 1451 84
4 1130 1309 1201 1306 1195 1368 1127 1365 80
4 1390 1285 1458 1285 1454 1343 1390 1337 74
5 1436 1399 1495 1405 1510 1353 1448 1349 1436 1353 84
4 1593 1300 1674 1297 1668 1365 1581 1356 20
4 1522 1405 1593 1399 1593 1458 1519 1464 44
4 1664 1451 1739 1451 1742 1513 1655 1507 82
4 1856 1430 1949 1430 1945 1488 1853 1488 42
4 1899 1501 1970 1498 1973 1553 1899 1553 50
4 1677 1612 1754 1606 1751 1671 1686 1671 70
4 1300 1550 1356 1547 1359 1600 1294 1600 76
5 1458 1763 1529 1763 1526 1813 1470 1816 1454 1816 72
4 1306 1773 1368 1766 1365 1816 1312 1822 68
4 1303 1881 1368 1874 1371 1921 1297 1927 86
4 1519 1915 1593 1908 1597 1961 1516 1961 62
4 1532 1989 1631 1989 1621 2050 1526 2044 116
4 1390 2050 1476 2047 1467 2109 1387 2103 46
4 1933 1915 2032 1908 2023 1970 1936 1973 104
4 2047 1933 2143 1924 2137 1989 2050 1998 102
6 2066 2029 2171 2029 2143 2091 2100 2094 2078 2091 2069 2084 112
4 2112 2313 2211 2313 2208 2375 2106 2375 110
4 2004 2347 2097 2341 2103 2403 1998 2406 108
4 1881 2193 1958 2193 1955 2251 1874 2254 48
4 1349 2359 1424 2359 1427 2415 1349 2415 58
4 1319 2563 1411 2560 1417 2631 1319 2637 54
4 877 1989 957 1983 970 2041 880 2047 116
5 577 2260 652 2260 661 2264 661 2307 574 2316 107
5 571 2362 652 2359 645 2421 587 2436 568 2424 56
4 1874 2344 1955 2344 1952 2418 1874 2427 60
4 383 1986 497 1983 485 2054 377 2047 100
4 479 1930 571 1930 562 1992 466 1992 106
4 599 1810 686 1800 692 1853 584 1868 104
4 806 1600 889 1597 886 1661 809 1655 66
4 1303 1615 1374 1612 1371 1671 1300 1668 78
4 750 858 846 849 821 936 760 920 10
4 1220 849 1328 843 1306 933 1235 933 80
4 1559 1010 1668 1010 1655 1081 1556 1084 82
