15
4 522 602 581 599 584 652 519 655 14
4 1121 574 1177 574 1183 630 1115 627 12
4 1862 516 1924 513 1924 577 1856 571 10
4 559 933 627 933 630 991 556 997 12
4 1331 920 1399 920 1405 985 1325 985 22
4 1569 877 1637 877 1637 948 1559 945 14
4 741 1590 818 1587 809 1661 741 1655 16
4 1093 1593 1173 1587 1167 1646 1090 1649 22
4 1331 1522 1399 1519 1390 1590 1331 1590 19
4 1510 1769 1572 1766 1563 1828 1501 1825 14
4 936 1791 997 1785 1007 1844 936 1844 26
4 686 1810 747 1810 741 1871 689 1874 18
4 988 2433 1053 2433 1050 2492 985 2492 16
4 967 2656 1050 2656 1044 2702 960 2702 26
4 686 2714 757 2714 753 2782 692 2779 18
