12
5 1729 627 1862 618 1844 713 1760 720 1729 713 800
4 1312 769 1421 763 1414 837 1319 840 810
4 1417 911 1526 908 1519 979 1421 976 815
4 862 1201 976 1201 976 1282 868 1285 860
4 1316 1325 1424 1325 1417 1405 1319 1408 820
4 1424 1439 1538 1436 1522 1519 1427 1516 825
4 581 1782 676 1785 673 1856 581 1859 855
4 1319 1868 1414 1865 1405 1945 1325 1945 830
5 1436 1992 1541 1992 1541 2078 1451 2081 1439 2072 840
4 1316 2409 1414 2403 1405 2486 1325 2486 845
4 1396 2508 1482 2501 1485 2575 1396 2579 835
4 1467 2881 1563 2872 1550 2961 1473 2961 850
