34
4 429 710 531 710 522 784 423 778 28
4 726 716 821 710 815 791 741 787 6
4 797 834 868 831 868 889 797 889 24
4 1050 837 1115 834 1115 886 1044 889 26
4 1306 787 1356 784 1343 837 1303 837 8
4 1417 818 1359 821 1359 871 1417 871 28
5 1637 682 1711 679 1708 738 1664 738 1637 738 4
6 1742 803 1810 803 1822 871 1763 874 1735 874 1735 837 28
4 1232 1068 1300 1068 1300 1127 1220 1127 226
4 1430 692 1501 689 1498 750 1433 750 30
4 1124 815 1167 815 1164 886 1112 892 26
4 1282 834 1346 834 1356 877 1306 886 30
4 395 1689 494 1692 479 1751 405 1757 28
4 642 1655 729 1655 720 1702 652 1708 6
4 1093 1751 1152 1751 1155 1810 1093 1813 26
4 1272 1711 1331 1702 1322 1763 1282 1769 8
7 1362 1754 1291 1760 1294 1797 1294 1807 1325 1807 1343 1807 1362 1803 30
5 1371 1686 1448 1692 1442 1739 1399 1742 1374 1742 30
5 1393 1757 1458 1754 1461 1788 1454 1800 1402 1803 28
4 1593 1658 1658 1661 1646 1698 1597 1705 4
4 1714 1726 1773 1720 1785 1785 1726 1788 28
4 883 1084 957 1090 957 1136 877 1133 32
4 439 2594 510 2591 506 2643 435 2643 28
4 608 2625 682 2625 673 2690 611 2684 30
4 868 2613 945 2613 942 2671 871 2674 26
4 914 2779 1001 2776 994 2829 917 2832 24
4 1309 2625 1387 2619 1374 2674 1316 2674 30
5 1454 2622 1380 2625 1374 2680 1380 2687 1442 2687 28
5 1563 2551 1631 2551 1634 2603 1584 2609 1563 2609 30
5 1782 2551 1856 2551 1850 2609 1800 2609 1782 2603 4
4 1847 2637 1918 2634 1918 2690 1844 2696 28
4 1437 1988 1516 1986 1514 2052 1437 2044 32
4 909 2025 973 2028 983 2073 917 2084 24
4 408 1808 475 1805 477 1856 419 1869 30
