29
4 994 790 1055 793 1055 857 988 860 7
4 1345 735 1430 726 1433 802 1345 802 5
4 1369 878 1433 875 1430 945 1360 939 6
4 988 1022 1046 1016 1049 1080 988 1080 4
4 1376 1061 1424 1061 1421 1104 1366 1107 3
4 1601 741 1674 741 1665 799 1604 799 5
4 1985 790 2071 793 2053 854 1979 857 7
4 1995 1003 2068 1003 2053 1055 1989 1055 4
4 1620 869 1687 869 1687 930 1623 933 6
4 903 1479 982 1479 982 1555 903 1552 7
4 1738 1513 1802 1516 1796 1586 1735 1580 5
4 1305 1565 1391 1565 1379 1635 1308 1638 5
4 2086 1470 2181 1464 2172 1546 2092 1546 7
4 2007 1723 2092 1720 2089 1775 2007 1784 4
5 1305 1906 1385 1906 1372 1970 1369 1989 1318 1989 6
4 1702 1909 1778 1903 1778 1967 1702 1976 6
4 1010 2355 1083 2351 1077 2425 1016 2425 6
4 1315 2290 1388 2290 1388 2364 1308 2361 5
6 1848 2129 1915 2126 1909 2178 1912 2199 1854 2202 1845 2162 3
8 1946 2278 2016 2275 2019 2327 2001 2348 1982 2348 1973 2351 1967 2355 1961 2351 6
4 2016 2385 2074 2382 2074 2431 2016 2440 4
4 1616 2583 1705 2583 1702 2650 1613 2650 16
4 891 2589 979 2589 982 2660 897 2660 16
5 1671 2290 1741 2290 1732 2367 1677 2367 1674 2327 5
5 894 1171 994 1168 994 1254 891 1254 903 1205 15
4 945 2437 1013 2437 1010 2492 949 2501 4
4 930 1729 1019 1726 1016 1793 939 1796 4
4 894 1873 1000 1873 991 1946 903 1946 15
7 1437 1641 1382 1644 1379 1680 1382 1693 1397 1702 1412 1702 1418 1702 3
