28
4 659 698 772 695 759 781 677 784 10
5 1119 650 1211 644 1189 750 1116 756 1113 686 7
5 781 927 836 927 830 1000 778 1000 781 958 9
4 473 952 543 952 531 1025 479 1028 5
4 555 1455 656 1449 637 1522 561 1525 8
4 915 1391 1000 1394 988 1482 912 1482 6
4 1476 775 1574 775 1552 857 1473 857 10
4 1266 958 1360 955 1342 1028 1278 1028 5
4 1455 1421 1525 1421 1510 1501 1437 1498 8
4 1775 1382 1854 1382 1836 1461 1766 1464 6
4 1906 1031 1989 1031 1973 1104 1885 1104 7
4 637 2220 738 2217 723 2300 640 2300 10
4 1080 1989 1168 1989 1150 2065 1077 2068 7
4 1690 1985 1790 1979 1787 2065 1677 2068 10
4 1870 1937 1970 1931 1958 2016 1863 2010 7
5 1839 2583 1967 2580 1918 2656 1851 2656 1830 2653 4
7 1796 2913 1888 2910 1870 2968 1860 2992 1815 2992 1787 2992 1787 2983 6
4 1555 2937 1644 2937 1638 3019 1562 3022 8
5 1680 2348 1757 2348 1741 2434 1680 2437 1674 2434 5
4 1000 2943 1101 2943 1071 3032 988 3032 8
7 1080 2617 1165 2611 1159 2675 1116 2684 1101 2684 1092 2678 1080 2678 6
5 515 2644 598 2644 598 2711 522 2721 518 2675 5
4 912 2492 973 2492 967 2562 912 2562 4
5 1412 2510 1504 2516 1485 2574 1485 2583 1400 2580 11
4 460 1082 554 1082 549 1158 460 1159 5a
4 1297 1312 1391 1314 1382 1388 1286 1388 5a
4 643 2643 731 2645 722 2720 636 2715 5a
4 1379 2610 1477 2617 1473 2689 1370 2689 5a
