21
4 1077 717 1159 720 1162 775 1071 778 22
4 1867 796 1940 793 1940 863 1857 860 23
4 1263 1196 1336 1193 1342 1238 1263 1247 24
4 1592 1074 1665 1071 1662 1125 1589 1128 23
4 1702 1104 1760 1101 1757 1156 1696 1162 15
4 1845 1083 1909 1080 1903 1135 1848 1141 9
4 1025 1299 1110 1296 1107 1360 1028 1360 22
4 1193 1321 1250 1321 1260 1372 1196 1379 23
4 1284 1302 1354 1299 1357 1354 1305 1366 23
4 1516 1351 1580 1351 1580 1412 1516 1412 17
4 1674 1391 1741 1385 1735 1455 1671 1455 9
4 1110 1705 1186 1705 1193 1760 1119 1766 24
4 1327 1687 1400 1687 1400 1738 1339 1751 18
4 461 2165 552 2162 558 2239 467 2242 24
4 750 2123 833 2123 830 2181 735 2184 22
4 1433 1992 1522 1992 1522 2056 1440 2059 17
4 1772 2040 1830 2040 1830 2101 1772 2101 9
4 1860 2382 1924 2373 1921 2434 1863 2446 15
4 1464 2480 1522 2480 1519 2534 1467 2538 N
4 1611 1595 1668 1590 1676 1640 1616 1658 15
4 770 1828 820 1825 817 1885 770 1885 N
