51
4 1010 453 1082 449 1076 500 1013 500 580
4 1169 479 1235 483 1235 529 1171 530 584
5 907 625 983 637 981 682 907 684 906 648 576
4 1209 673 1279 669 1281 722 1207 724 588
5 1248 801 1311 801 1307 852 1250 856 1250 828 492
4 1419 705 1478 707 1480 750 1417 752 512
4 1570 671 1622 674 1622 714 1569 714 516
4 1565 741 1623 744 1625 782 1569 784 496
4 1311 989 1383 995 1379 1034 1309 1036 484
4 1356 1053 1411 1049 1417 1087 1358 1101 488
5 1802 852 1858 851 1853 890 1805 892 1803 875 498
4 1767 1103 1828 1103 1830 1135 1779 1142 480
5 1082 1169 1148 1165 1157 1214 1087 1222 1084 1192 528
4 2014 1328 2069 1330 2069 1383 2021 1389 464
5 1855 1375 1911 1373 1913 1409 1855 1415 1853 1396 524
4 1601 1461 1661 1466 1667 1504 1606 1512 500
4 1874 1472 1928 1470 1932 1512 1883 1521 520
4 1495 1783 1570 1781 1569 1822 1491 1826 416
4 1557 1942 1620 1942 1627 1980 1559 1991 536
4 1754 1964 1832 1964 1836 2010 1758 2014 532
4 1955 1983 2012 1983 2019 2019 1959 2025 450
4 1997 2065 2061 2063 2061 2110 2000 2110 544
4 1370 2120 1436 2118 1438 2165 1368 2165 504
4 1555 2118 1610 2116 1614 2160 1551 2158 508
4 1623 2220 1690 2216 1684 2256 1622 2256 448
5 1318 2277 1387 2277 1381 2326 1317 2326 1317 2300 444
4 1241 2474 1309 2474 1309 2516 1246 2518 476
5 1281 2669 1341 2665 1354 2717 1290 2724 1273 2690 420
4 1726 2412 1777 2417 1779 2449 1728 2449 424
4 885 1767 970 1769 964 1820 877 1820 592
4 864 2097 949 2099 949 2154 858 2158 568
4 911 2398 985 2398 987 2449 915 2453 564
4 924 2612 981 2610 987 2656 923 2660 572
4 947 2735 1017 2739 1015 2777 943 2783 556
4 1013 2838 1080 2838 1085 2887 1008 2889 560
5 1991 877 2055 881 2054 926 1993 930 1993 902 456
4 2285 1538 2368 1540 2364 1589 2283 1591 400
4 1989 2787 2059 2787 2055 2834 1989 2832 472
4 883 1430 957 1428 962 1472 885 1478 596
4 1866 1623 1923 1625 1925 1661 1866 1667 460
4 2006 1605 2078 1603 2080 1639 2008 1644 452
4 2048 1667 2120 1665 2114 1703 2050 1703 440
5 2242 471 2314 471 2315 524 2246 527 2244 488 552
5 2364 773 2420 775 2419 822 2369 825 2363 792 548
5 1803 2431 1869 2432 1863 2476 1810 2480 1803 2454 432
4 2153 2464 2203 2466 2207 2508 2151 2503 468
4 2294 2154 2364 2154 2360 2199 2285 2197 CV1
4 1974 2216 2057 2216 2046 2269 1972 2273 P5
5 2029 2574 2076 2573 2080 2618 2031 2618 2029 2595 540
4 1654 2718 1714 2718 1714 2764 1658 2764 436
4 1762 2718 1828 2718 1826 2758 1762 2764 428
