19
4 1005 562 1085 559 1082 633 1005 631 49
4 1672 800 1738 800 1733 882 1674 874 17
4 1856 1467 1938 1462 1933 1546 1862 1541 24
4 1959 1846 2018 1844 2023 1926 1956 1921 28
4 1679 2285 1754 2282 1751 2356 1679 2356 11
4 1685 2459 1759 2464 1749 2531 1674 2531 16
4 1136 2564 1192 2559 1187 2633 1123 2631 38
4 913 2464 1005 2467 1000 2554 905 2549 12
4 672 2100 756 2103 749 2174 656 2164 13
4 1146 2115 1213 2115 1213 2190 1133 2187 29
4 1108 1972 1192 1977 1190 2046 1108 2036 30
4 1108 1587 1172 1590 1167 1669 1103 1659 28
4 626 1577 705 1574 708 1651 636 1646 32
4 636 1664 700 1667 700 1731 628 1715 31
4 1108 1244 1185 1244 1172 1318 1103 1313 28
4 1326 1274 1390 1277 1385 1338 1328 1338 35
4 1413 1169 1477 1169 1479 1244 1415 1241 51
4 1136 1082 1203 1079 1203 1162 1133 1151 33
4 1103 995 1172 992 1172 1064 1105 1064 34
