29
4 441 731 518 733 515 787 438 782 14
4 456 792 538 797 531 854 459 851 64
4 1467 549 1528 546 1531 613 1467 608 18
4 1613 546 1672 546 1682 615 1615 610 18
4 1733 549 1790 546 1795 613 1723 610 44
4 1905 623 1977 623 1982 687 1905 685 48
4 1915 921 1995 918 1995 987 1926 985 49
4 1921 1015 1992 1010 1987 1059 1926 1056 46
4 1949 1110 2015 1110 2010 1177 1951 1162 13
4 1772 782 1833 779 1836 838 1777 836 47
4 1779 936 1846 928 1856 995 1777 992 42
4 1615 962 1677 962 1682 1021 1608 1018 30
4 1456 959 1528 962 1531 1023 1451 1013 40
4 456 941 528 936 531 997 454 997 64
4 463 1007 534 1010 534 1056 458 1053 12
4 449 1061 515 1064 515 1108 451 1110 36
4 463 1188 531 1183 536 1231 468 1236 34
4 497 1263 563 1261 564 1315 500 1312 14
4 573 1681 646 1675 646 1727 575 1731 12
4 692 2290 776 2290 771 2356 688 2354 60
4 1808 2256 1881 2259 1886 2317 1800 2312 62
4 1717 1822 1797 1819 1797 1873 1714 1869 62
4 1441 1241 1513 1241 1518 1300 1449 1297 38
4 1610 1238 1679 1236 1679 1297 1605 1292 32
4 1754 1244 1826 1241 1826 1292 1751 1297 16
4 710 1929 762 1922 770 1974 726 1987 12
4 781 1927 841 1927 838 1982 783 1982 14
4 1744 2431 1812 2431 1809 2488 1752 2483 46
4 1828 2423 1880 2420 1882 2485 1817 2485 48
