15
4 1697 541 1779 541 1772 610 1695 605 22
4 1851 610 1767 615 1764 659 1851 659 20
4 1851 695 1923 697 1918 767 1849 756 24
4 1546 1856 1615 1858 1615 1907 1547 1907 22
4 1254 1797 1322 1797 1320 1851 1253 1851 26
4 1158 1842 1231 1844 1231 1895 1151 1885 24
4 942 1944 1015 1942 1020 2002 941 1997 28
4 595 953 655 948 647 1005 603 1010 12
4 666 950 718 950 718 1003 671 1005 14
4 671 1222 739 1222 728 1284 679 1279 30
4 755 1230 804 1224 799 1290 752 1282 32
4 1731 2619 1788 2621 1781 2671 1726 2668 12
4 1807 2619 1864 2613 1851 2673 1801 2673 14
4 572 2564 640 2569 632 2624 574 2624 46
4 653 2566 708 2566 702 2621 650 2624 48
