21
4 464 1459 526 1459 523 1513 456 1508 22
4 523 1579 587 1579 585 1636 523 1638 12
4 967 1567 1031 1562 1031 1618 959 1613 20
4 1677 1536 1756 1533 1751 1592 1679 1592 20
4 1913 1544 1990 1544 1987 1600 1913 1592 28
4 1985 1169 2056 1156 2062 1233 1982 1231 16
4 1395 1026 1462 1023 1459 1097 1395 1100 30
4 733 1028 803 1026 803 1110 731 1105 30
4 1585 449 1667 449 1664 510 1569 503 10
4 2005 656 2087 656 2092 710 2010 713 14
4 510 1851 585 1849 587 1908 508 1915 20
4 900 1862 987 1862 972 1918 897 1921 38
4 1128 1908 1197 1903 1200 1977 1113 1969 36
4 1121 2326 1182 2323 1187 2392 1128 2392 34
4 564 2203 633 2200 636 2264 556 2262 40
4 626 2482 692 2474 695 2541 626 2538 16
4 1767 2382 1826 2385 1828 2441 1762 2433 50
4 1751 2472 1818 2469 1821 2544 1744 2536 30
4 1749 2664 1803 2659 1805 2713 1746 2710 48
4 1785 2731 1844 2723 1846 2779 1782 2779 44
4 1477 2126 1549 2121 1544 2190 1477 2185 14
