35
4 494 933 598 933 589 1019 503 1003 134
4 509 1199 595 1202 595 1272 503 1269 136
4 485 1467 561 1467 564 1543 476 1537 140
4 479 1781 555 1778 558 1839 476 1845 146
4 476 2056 558 2056 546 2123 464 2114 154
4 1025 766 1113 762 1122 851 1034 845 132
4 1144 1089 1278 1089 1275 1177 1153 1183 138
4 1379 1379 1479 1376 1476 1446 1369 1443 144
4 1574 1671 1668 1668 1662 1745 1577 1738 152
4 1815 1982 1918 1976 1918 2068 1830 2062 162
4 1964 2053 2077 2056 2074 2126 1973 2123 132
4 1985 2449 2068 2440 2071 2516 1992 2516 118
4 1583 1967 1656 1963 1663 2021 1586 2016 160
4 1838 2362 1915 2362 1917 2417 1845 2419 116
4 1349 2341 1423 2338 1425 2396 1349 2391 114
4 1120 2326 1199 2326 1193 2379 1125 2374 112
4 888 2298 964 2298 970 2355 892 2349 110
4 655 2281 726 2279 726 2334 655 2332 108
4 1112 1976 1182 1980 1186 2035 1110 2029 156
4 1339 1978 1411 1980 1411 2035 1343 2031 158
4 1339 1673 1428 1669 1428 1716 1341 1722 150
4 1104 1684 1176 1684 1176 1743 1104 1731 148
4 1140 1383 1220 1383 1214 1444 1144 1440 142
4 398 755 458 756 453 813 403 813 84
4 467 758 513 755 509 811 467 811 96
4 396 1034 444 1036 446 1084 396 1087 86
4 455 1033 494 1034 499 1086 455 1087 98
4 381 1341 437 1340 432 1393 386 1393 88
4 441 1341 509 1340 509 1391 446 1396 100
4 398 1624 456 1621 456 1674 403 1676 90
4 470 1617 545 1619 535 1684 473 1681 102
4 391 1882 449 1887 446 1936 401 1936 92
4 463 1892 533 1888 532 1940 461 1945 104
4 386 2180 449 2175 444 2233 393 2242 94
4 460 2175 532 2178 525 2237 460 2237 106
