12
4 474 708 556 710 546 795 490 792 400
4 672 569 741 572 733 662 672 659 408
4 787 508 856 508 859 592 785 585 404
4 1592 849 1656 849 1656 926 1597 918 412
5 1667 1633 1738 1631 1738 1721 1664 1703 1667 1664 406
4 1318 1072 1372 1072 1367 1149 1310 1146 410
4 677 1977 751 1977 744 2049 667 2049 402
4 1749 2303 1838 2305 1823 2382 1731 2372 372
4 1751 2703 1846 2700 1836 2792 1759 2787 374
4 1749 2851 1828 2844 1813 2928 1749 2921 376
4 1467 2859 1549 2872 1541 2944 1456 2936 378
4 1444 2528 1515 2528 1510 2610 1444 2603 370
