16
4 659 379 756 377 756 462 659 454 96
4 923 344 1008 344 1008 418 913 410 16
4 1103 415 1177 413 1177 490 1110 485 72
4 1103 692 1174 692 1167 769 1110 756 72
4 479 515 567 515 567 600 487 590 92
4 662 651 749 654 744 733 659 733 96
5 495 800 559 803 556 890 479 874 474 805 92
4 662 951 738 951 736 1021 664 1018 96
4 1103 974 1179 974 1177 1059 1095 1049 72
4 479 1085 562 1082 549 1167 477 1159 92
4 531 1623 628 1626 631 1713 536 1697 36
4 823 1838 900 1851 890 1923 803 1918 16
4 472 1959 554 1962 549 2046 474 2044 88
4 462 2231 544 2231 544 2315 464 2310 80
4 415 2446 487 2446 482 2521 410 2521 80
4 408 2695 485 2692 482 2790 405 2785 76
