31
4 641 754 713 749 718 810 649 815 36
4 933 751 1033 754 1028 831 923 823 20
4 1279 746 1367 744 1372 808 1277 803 24
5 851 521 946 521 941 579 869 577 854 577 16
4 1013 497 1085 497 1082 556 1008 554 12
4 1121 510 1195 508 1190 574 1115 574 40
4 1308 500 1385 497 1382 559 1313 554 12
4 1444 510 1518 518 1518 582 1449 574 40
4 1733 508 1805 508 1808 582 1736 572 40
4 1954 441 2046 441 2044 513 1964 513 4b
4 1972 574 2046 572 2036 644 1982 633 8
4 715 1533 808 1531 813 1595 713 1595 40
4 918 1503 997 1500 1003 1569 931 1564 16
4 1008 1487 1095 1487 1087 1567 1023 1559 12
4 1274 1500 1362 1497 1356 1572 1277 1559 12
4 1644 1556 1721 1551 1726 1623 1654 1618 12
4 1795 1546 1908 1544 1905 1618 1795 1613 40
5 1946 1367 2044 1367 2036 1441 1946 1433 1951 1400 4c
5 2031 1618 2126 1618 2121 1682 2067 1685 2031 1682 8
4 933 1831 1023 1831 1021 1895 933 1892 20
4 1167 1844 1272 1841 1272 1905 1172 1900 24
4 505 2618 592 2615 590 2679 510 2672 40
4 823 2562 913 2562 908 2610 831 2615 16
4 990 2526 1074 2533 1062 2603 977 2579 12
4 1267 2533 1359 2533 1362 2605 1282 2605 12
4 1551 2536 1646 2536 1649 2600 1559 2600 12
4 1938 2479 2028 2472 2028 2554 1941 2551 4d
8 1951 2613 2033 2613 2028 2664 2010 2682 1962 2679 1949 2667 1951 2659 1944 2636 8
4 2046 2664 2118 2667 2118 2731 2013 2723 40
4 885 2851 990 2849 985 2910 890 2908 20
4 1249 2851 1336 2851 1328 2913 1246 2913 24
