57
4 859 685 962 682 954 759 846 754 160
4 1154 754 1238 751 1246 808 1156 810 170
4 1013 787 1121 790 1108 854 1005 846 172
4 944 854 1067 864 1064 923 946 910 178a
4 892 913 1005 923 1000 969 900 967 186
4 1210 867 1274 872 1287 815 1213 815 42
4 1179 872 1187 826 1110 826 1100 872 168
4 1410 856 1505 869 1503 941 1397 926 174
4 1674 964 1551 946 1544 1015 1656 1021 178b
4 1567 1069 1656 1079 1662 1033 1569 1021 180
4 1523 1082 1605 1085 1603 1146 1523 1141 162
4 1564 1185 1669 1190 1667 1249 1569 1249 176
4 1569 1292 1664 1297 1659 1356 1569 1354 182
4 1559 1413 1659 1418 1669 1367 1564 1351 164
4 1454 1487 1523 1492 1521 1549 1444 1541 24
4 1451 1608 1544 1615 1551 1554 1454 1551 114
4 1523 1736 1615 1736 1613 1787 1521 1787 12
4 1531 1892 1618 1900 1605 1962 1526 1949 26
4 1528 2003 1649 2010 1649 1962 1531 1962 138
4 1538 2067 1636 2069 1641 2021 1544 2015 118
4 1531 2123 1633 2128 1638 2064 1536 2067 140
4 1533 2177 1638 2187 1638 2131 1536 2126 136
4 1528 2231 1623 2246 1638 2190 1541 2182 112
4 1518 2292 1623 2297 1623 2244 1536 2244 22
4 1515 2344 1610 2359 1623 2300 1531 2297 20
4 1508 2390 1610 2403 1626 2354 1526 2344 40
4 1531 2436 1633 2426 1633 2495 1528 2487 142
4 1536 2531 1615 2531 1608 2595 1526 2587 28
4 1541 2621 1633 2623 1633 2679 1526 2682 146
4 1526 2731 1626 2736 1626 2679 1523 2682 36
4 1521 2754 1621 2754 1608 2813 1513 2808 34
4 1238 2941 1323 2944 1321 3003 1223 3005 46
4 1085 2938 1156 2941 1159 3015 1074 3008 30
4 990 2938 1054 2941 1049 3008 990 3003 32
4 744 2946 805 2949 805 3010 733 3003 44
4 667 2785 741 2792 731 2859 664 2856 48
4 664 2664 728 2664 726 2726 656 2715 68
4 662 2500 728 2505 726 2569 656 2564 18
4 667 2413 723 2413 721 2479 656 2474 72
4 659 2297 721 2295 723 2349 656 2341 66
4 651 2228 726 2228 726 2287 651 2279 74
4 659 2138 726 2138 728 2192 656 2187 62
4 656 2077 728 2077 726 2128 649 2128 14
4 846 2015 933 2021 933 2072 849 2072 120
4 867 2141 936 2141 926 2203 862 2195 64
4 854 2423 928 2423 915 2485 851 2474 76
4 859 2505 949 2508 951 2572 849 2559 116
4 887 2603 972 2605 972 2667 882 2654 50
4 1151 2510 1210 2510 1210 2572 1146 2567 38
4 723 1392 826 1392 826 1462 721 1451 192
4 726 1323 828 1326 826 1379 726 1379 158
4 738 1259 836 1262 826 1318 728 1310 166
4 851 1108 931 1110 933 1179 854 1169 188
4 1854 802 1940 799 1942 851 1856 862 160
4 843 1021 937 1021 932 1073 856 1076 190
4 872 2942 937 2937 937 3002 875 3000 32
4 877 3047 919 3047 940 3002 885 3000 30
