20
4 949 521 1026 523 1026 610 949 613 326
4 1079 490 1133 490 1144 577 1072 577 338
4 1338 921 1413 915 1413 1013 1331 1000 328
4 1523 1113 1610 1115 1610 1215 1531 1208 317
5 1538 1290 1600 1287 1600 1374 1526 1367 1521 1300 316
4 1395 1305 1459 1315 1449 1390 1408 1385 308
4 1344 1326 1387 1326 1392 1408 1341 1395 318
4 1385 1505 1451 1513 1449 1585 1379 1582 320
4 1510 1692 1567 1703 1574 1785 1503 1792 320
4 1510 1903 1579 1915 1577 1990 1510 1982 304
4 1585 2105 1649 2105 1649 2190 1587 2182 312
4 1492 2100 1549 2100 1556 2179 1500 2172 314
4 1454 2138 1500 2138 1500 2215 1451 2213 330
4 1431 1846 1485 1849 1477 1926 1433 1918 332
4 1144 2036 1213 2049 1208 2126 1131 2121 310
4 1008 2579 1100 2582 1087 2654 1008 2659 300
4 1569 2838 1649 2849 1628 2936 1559 2931 306
4 1369 1074 1433 1074 1431 1154 1362 1146 303
4 1328 1154 1377 1154 1382 1228 1331 1221 309
4 1197 1362 1259 1364 1264 1446 1200 1441 324
