29
4 1886 2271 1890 2376 2051 2369 2023 2257 GG
4 1750 2247 1732 2359 1872 2362 1869 2271 130
4 1596 2275 1582 2387 1732 2373 1732 2278 GZ
4 1442 2257 1431 2362 1564 2355 1564 2261 410
4 1256 2243 1256 2373 1417 2373 1421 2261 ZYLCD
4 882 2443 882 2576 1036 2576 1036 2481 DIFF
4 1197 2471 1197 2583 1046 2579 1050 2488 STR3
4 1099 2268 1099 2376 1242 2376 1242 2282 310
4 1190 2117 1190 2222 1326 2226 1326 2124 330
4 1365 2117 1365 2201 1505 2205 1505 2121 430
4 1673 2135 1659 2212 1533 2208 1522 2128 STB3
4 1718 2124 1718 2222 1876 2222 1869 2135 110
4 1883 1974 1883 2051 2005 2058 2009 1967 100
4 1624 1977 1624 2086 1767 2068 1774 1967 STR1
4 1361 2047 1508 2047 1508 1984 1365 1981 400
4 1169 1974 1169 2068 1319 2075 1319 1953 300
4 441 1802 434 1928 658 1900 637 1813 STR2
4 479 1694 476 1771 616 1771 616 1690 214
4 458 1529 465 1631 633 1631 626 1536 GW
4 476 1480 651 1480 633 1372 493 1372 210
4 549 609 549 735 738 724 728 623 AN
4 864 612 864 745 731 731 742 647 GN
4 1011 633 1015 759 875 738 875 647 500
4 1099 735 1302 735 1284 619 1120 626 200
4 1298 896 1438 896 1435 784 1291 787 RS1
4 1462 786 1590 783 1582 872 1467 872 RS2
4 1627 794 1739 796 1739 875 1624 875 RS3
4 1653 647 1830 647 1828 731 1655 726 STRL1
4 1851 645 2039 650 2026 739 1856 721 STRN1
