25
4 1050 2730 1200 2712 1186 2642 1102 2642 4
4 591 2716 710 2719 707 2635 637 2635 3
4 504 2142 518 2240 595 2247 598 2163 19
4 1841 2142 1837 2236 1935 2247 1932 2170 19
4 1365 2278 1375 2373 1442 2366 1445 2303 20
4 1389 2194 1512 2201 1505 2075 1414 2079 24
4 1407 1939 1407 2033 1319 2033 1351 1956 21
4 1053 2075 1064 2194 966 2194 959 2096 24
4 815 2026 885 2016 878 1921 808 1928 16
4 1862 1379 1862 1491 1718 1491 1743 1389 32
4 1512 1421 1512 1533 1382 1540 1382 1449 25
4 1382 1309 1393 1400 1295 1400 1302 1316 23
4 1113 1438 1092 1547 997 1526 994 1445 25
4 623 1386 637 1487 717 1480 703 1403 32
4 528 1232 535 1347 651 1344 626 1235 13
4 1018 1218 1022 1330 1130 1330 1116 1242 15
4 1372 1018 1372 1109 1508 1102 1477 1029 30
4 1137 1018 1137 1134 1015 1127 1018 1036 30
4 602 861 602 969 703 966 686 878 31
4 623 651 623 745 721 745 707 665 3
4 966 707 969 805 1053 805 1050 724 22
4 1074 647 1074 745 1172 745 1165 658 4
4 1393 640 1393 728 1473 728 1470 651 10
4 1739 728 1739 808 1862 805 1841 714 31
4 1806 840 1813 927 1883 934 1869 840 12
