21
4 1260 2373 1333 2373 1347 2303 1288 2303 19
4 1057 2138 1057 2250 1148 2247 1130 2128 20
4 700 2107 700 2215 805 2212 798 2128 24
4 472 1760 633 1753 605 1638 507 1645 14
4 696 1393 696 1501 798 1494 798 1396 25
4 532 1372 665 1379 651 1263 563 1277 13
4 1057 1316 1057 1431 1158 1424 1155 1330 32
4 567 700 567 798 679 798 668 700 12
4 822 742 822 843 714 850 714 742 30
4 1057 836 1057 931 1155 931 1158 836 31
4 1197 679 1197 745 1274 745 1270 661 10
4 1064 637 1064 728 1183 724 1183 633 29
4 1914 2226 1914 2324 1995 2341 1988 2236 19
4 1729 2135 1729 2215 1823 2215 1813 2145 20
4 1459 2058 1459 2173 1361 2166 1351 2079 21
4 1330 1953 1330 2075 1263 2068 1260 1988 16
4 1869 1323 1872 1445 1725 1449 1757 1333 32
4 1312 1354 1431 1354 1424 1242 1337 1242 15
4 1743 854 1746 962 1851 966 1862 889 22
4 1813 637 1809 745 1918 756 1918 647 10
4 1361 724 1365 819 1281 819 1291 731 12
