24
4 857 476 861 609 952 598 934 462 304
4 1186 465 1176 598 1284 595 1288 469 F302
4 1851 563 1862 703 1981 700 1963 574 302
4 1704 952 1704 1099 1802 1099 1813 966 3041
4 1855 840 1855 952 1970 955 1956 854 X'
4 1865 1242 1865 1379 1974 1379 1974 1270 320
4 1690 1211 1694 1354 1816 1354 1816 1218 F304
4 1501 1624 1501 1802 1617 1809 1610 1613 3042
4 759 661 759 766 857 770 854 665 306
4 462 962 462 1102 560 1099 563 976 307
4 360 1176 364 1326 462 1319 472 1183 307
4 917 973 917 1085 1032 1088 1022 969 307
4 1197 973 1197 1109 1281 1102 1288 994 307
4 917 1193 917 1340 1043 1319 1043 1225 Ax'
4 1169 1211 1176 1305 1256 1298 1246 1207 F
4 374 2488 479 2481 469 2352 360 2359 305
4 430 2726 434 2877 532 2877 518 2740 300
4 773 2611 773 2747 892 2744 885 2607 306
4 1162 2849 1165 3010 1246 3003 1235 2856 F301
4 1914 2656 1918 2800 2030 2772 2009 2649 301
4 1827 2495 1820 2625 1921 2621 1918 2506 F
4 1914 2334 1918 2471 1830 2481 1823 2345 3031
4 1834 2121 1834 2254 1760 2278 1785 2156 303
4 1634 2079 1648 2257 1529 2247 1529 2103 3032
