13
4 1001 2558 1001 2618 1113 2618 1113 2548 205B
4 546 2460 539 2537 623 2544 637 2481 209
4 640 2320 623 2390 717 2390 728 2331 209
4 609 2107 609 2173 693 2173 696 2107 209
4 609 1953 602 2033 675 2033 679 1974 209
4 2012 1435 2019 1526 2149 1533 2142 1424 200
4 556 1603 549 1694 647 1694 682 1638 211
4 619 1445 619 1526 728 1526 703 1452 211
4 525 1274 542 1368 633 1368 626 1284 209
4 413 1095 423 1190 532 1190 507 1095 209
4 409 878 413 945 511 945 511 878 209
4 360 749 336 882 437 857 448 766 209
4 749 675 749 735 857 735 857 665 205A
