23
4 990 2509 1113 2509 1106 2422 1001 2422 3
4 1757 2383 1851 2383 1858 2443 1778 2481 8
4 1799 1883 1897 1883 1900 1823 1795 1830 10b
4 1781 1764 1844 1764 1848 1830 1795 1830 6
4 1792 1704 1848 1704 1841 1771 1792 1774 4
4 1788 1648 1876 1648 1872 1711 1816 1708 30
5 1792 1568 1900 1575 1904 1655 1827 1648 1795 1606 10a
4 514 1785 602 1785 598 1725 539 1722 11
4 504 1673 612 1673 612 1725 532 1725 12
4 521 1596 609 1599 609 1666 525 1662 25
4 353 1176 357 1256 448 1256 465 1162 7
4 437 1368 521 1368 532 1309 434 1295 14
4 581 1284 658 1284 665 1204 595 1204 27
4 738 1155 738 1249 661 1246 661 1172 15
4 857 1162 857 1242 763 1239 763 1176 26
4 2030 1302 2019 1382 1949 1382 1946 1298 18
4 1921 1232 1921 1337 1844 1326 1844 1256 17
4 1746 1298 1841 1298 1837 1207 1739 1207 16
4 1708 1218 1708 1291 1627 1291 1627 1232 24
4 1550 1176 1561 1263 1641 1263 1645 1169 13
4 1134 651 1134 745 1190 752 1190 675 S
4 1330 710 1330 826 1421 826 1400 714 2
4 1652 633 1652 731 1729 724 1725 644 1
