17
4 997 2156 997 2254 1179 2250 1165 2159 10b
4 1347 2107 1347 2187 1515 2191 1519 2086 28b
4 822 2026 829 2103 903 2096 906 2023 E
4 626 1806 626 1911 766 1907 752 1813 19
4 374 1697 378 1785 490 1792 493 1711 18
4 1753 1575 1753 1715 1939 1708 1921 1599 28a
4 882 1260 882 1358 1015 1361 1015 1281 10a
4 1060 1232 1060 1326 1162 1312 1144 1232 24
4 1298 1155 1288 1239 1190 1253 1190 1169 13
4 1414 1162 1414 1256 1309 1256 1319 1165 15
4 1473 1165 1473 1246 1568 1256 1568 1190 26
4 1144 1015 1228 1018 1214 941 1169 952 S
4 1606 1179 1739 1169 1725 1078 1624 1081 27
4 1837 1071 1834 1144 1764 1151 1764 1074 16
4 1925 1050 1921 1127 1848 1134 1844 1060 17
4 2026 1060 2030 1148 1942 1151 1942 1074 14
4 2194 1050 2198 1172 2086 1172 2086 1085 7
