67
4 823 902 813 994 908 992 908 914 b<2>
4 980 517 982 607 1077 603 1068 508 b<2>
4 1250 1350 1250 1420 1305 1418 1303 1359 b2
4 1900 856 1898 961 1807 968 1812 885 b<2>
4 1840 613 1840 712 1740 714 1750 624 71
4 667 1414 665 1497 585 1497 585 1423 24
4 683 1375 686 1437 741 1439 741 1373 44
4 739 1293 743 1375 671 1377 661 1301 20
4 770 1297 774 1365 836 1365 834 1293 74
4 896 1285 893 1334 836 1340 836 1287 A
4 807 1799 809 1877 881 1873 883 1793 21
4 918 1748 918 1845 992 1838 968 1740 41
4 1239 1709 1243 1766 1326 1758 1313 1707 d
4 1315 1581 1315 1684 1250 1702 1254 1595 22c
4 1241 1521 1241 1567 1287 1558 1283 1519 c
4 1233 1447 1233 1517 1301 1517 1295 1445 72
4 968 1293 968 1340 1046 1338 1044 1283 b
4 863 1241 933 1239 928 1161 879 1161 40
4 990 1260 1050 1260 1035 1200 1000 1200 b<1>
4 1435 1618 1435 1725 1375 1727 1369 1628 22c
4 1340 1542 1344 1633 1404 1622 1406 1560 48
4 1420 1499 1420 1546 1383 1554 1373 1501 a1
4 1431 1447 1431 1474 1369 1466 1371 1431 a
4 1412 1429 1357 1433 1357 1385 1406 1392 A
4 1462 1377 1462 1437 1412 1425 1412 1379 e
4 1552 1383 1497 1377 1511 1289 1563 1289 22<1>
4 1606 1260 1606 1338 1556 1332 1554 1266 70
4 1665 1262 1663 1344 1591 1340 1612 1250 42
4 1719 1280 1719 1342 1659 1342 1663 1278 B
4 1746 1291 1810 1291 1816 1229 1760 1227 22
4 1857 1287 1857 1361 1791 1361 1793 1289 27
4 1923 1276 1925 1392 1867 1383 1867 1285 22<2>
4 1997 1474 1997 1563 2081 1563 2065 1468 28
4 1635 1754 1635 1838 1705 1838 1705 1754 C4
4 1855 1830 1855 1923 1770 1902 1777 1836 C3
4 648 2614 648 2722 716 2722 714 2621 22<1>
4 869 2542 869 2596 935 2592 920 2532 e
4 896 2446 896 2530 811 2538 819 2454 70
4 774 2437 863 2433 848 2355 791 2355 72
4 850 2330 786 2328 786 2287 846 2279 b
4 873 2209 873 2281 811 2277 807 2230 b<1>
4 900 2114 900 2155 850 2151 850 2114 e
4 928 2046 935 2116 879 2112 869 2059 a<1>
4 931 1995 931 2046 980 2036 978 1997 a
4 998 1943 998 1999 957 1991 959 1964 e
4 1046 1919 1042 1982 1101 1972 1099 1919 b<1>
4 1175 1865 1178 1929 1110 1941 1110 1873 72
4 1213 1853 1215 1921 1270 1917 1274 1855 b
4 1328 1904 1400 1904 1410 1801 1357 1803 22c
4 1497 1867 1501 1925 1433 1919 1429 1861 e
4 1618 1925 1614 2001 1569 1997 1569 1929 a<1>
4 1698 1991 1698 2063 1630 2059 1633 1999 a
4 1826 2131 1820 2211 1737 2197 1740 2137 e
4 1781 2252 1781 2328 1840 2326 1851 2242 72
4 1807 2349 1812 2407 1880 2407 1871 2316 b
4 1795 2411 1797 2487 1851 2485 1842 2413 b<1>
4 1744 2474 1746 2549 1845 2538 1836 2479 e
4 1680 2596 1680 2656 1756 2652 1742 2594 a
4 1571 2672 1575 2746 1655 2744 1653 2672 a<1>
4 1451 2748 1548 2748 1536 2810 1466 2810 e
4 1353 2759 1346 2862 1410 2855 1412 2775 72
4 1241 2757 1241 2839 1328 2829 1305 2744 b
5 1103 2722 1103 2802 1213 2798 1184 2728 1126 2724 b<1>
4 1077 2668 1079 2732 1007 2738 1013 2676 e
4 972 2637 978 2707 1017 2699 1019 2641 a
4 961 2582 959 2654 922 2649 926 2577 a<1>
4 705 661 773 658 773 775 705 773 22<1>
