24
4 1690 913 1690 1053 1606 1053 1603 941 100
4 1582 1134 1683 1141 1680 1253 1571 1260 82
4 1690 1305 1690 1445 1585 1431 1603 1295 292
4 1729 1477 1725 1589 1638 1592 1648 1487 294
4 1687 1627 1690 1760 1596 1760 1599 1669 292
4 1743 1767 1743 1900 1676 1900 1669 1781 294
4 1298 682 1298 794 1204 794 1207 675 116
4 1095 672 1102 777 1193 794 1193 679 120
4 1064 595 1064 682 962 682 983 591 46
4 661 833 661 952 735 945 742 861 12
4 857 962 857 1092 756 1088 759 976 34
4 780 1526 780 1683 896 1669 896 1508 140
4 675 2138 672 2289 794 2289 791 2142 140
4 661 2439 668 2597 794 2579 784 2439 220
4 588 2586 591 2674 721 2667 700 2579 30
4 539 2800 542 2992 665 2964 640 2782 XV
4 1008 2835 1008 2943 948 2947 945 2824 XV
4 889 3073 994 3066 990 2950 896 2950 214
4 1120 2821 1053 2821 1053 2740 1102 2744 44
4 1064 2663 1137 2663 1130 2754 1071 2758 214
4 1204 2740 1116 2740 1127 2642 1186 2646 217
4 1263 2551 1263 2667 1183 2670 1183 2579 220
4 1162 2173 1165 2334 1274 2310 1263 2166 217
4 1382 2117 1382 2222 1295 2236 1284 2142 206
