33
4 857 455 955 462 955 563 871 577 352
4 651 714 651 798 721 798 735 731 30
4 1134 826 1008 829 1053 714 1144 714 362
4 1148 854 1151 934 1078 938 1081 878 44
4 1193 924 1190 1018 1267 1025 1260 938 74
4 1309 990 1414 997 1407 1109 1319 1116 253
4 1494 1018 1487 1141 1417 1148 1428 1025 VII
4 1606 1064 1606 1172 1505 1186 1505 1088 304
4 602 966 616 1106 717 1106 724 990 140
4 595 1403 591 1529 672 1519 679 1421 10
4 899 1739 903 1830 815 1830 815 1729 140
4 784 1974 875 1949 861 1837 798 1837 308
4 882 2012 882 2110 784 2110 784 2026 VI
4 1687 1379 1683 1515 1610 1508 1613 1389 294
5 1694 1543 1694 1638 1620 1638 1613 1529 1666 1529 302
4 1746 1603 1767 1725 1676 1701 1680 1599 292
4 1613 1708 1617 1820 1690 1820 1687 1694 306
4 1767 1806 1771 1949 1673 1939 1687 1820 294
4 1585 1939 1697 1949 1701 2047 1610 2051 302
4 1603 2156 1701 2163 1701 2037 1613 2044 292
4 1683 2247 1676 2369 1620 2373 1617 2275 296
4 1613 2509 1701 2509 1694 2387 1606 2390 114
4 1547 2628 1662 2635 1666 2509 1592 2509 230
4 1718 2726 1718 2842 1641 2842 1641 2723 280
4 1396 2919 1386 3059 1288 3059 1333 2926 290
4 1438 2660 1435 2751 1347 2747 1351 2667 94
4 1267 2583 1270 2681 1193 2688 1183 2604 116
4 1263 2786 1165 2786 1165 2667 1249 2691 120
4 1085 2730 1092 2838 1190 2838 1158 2744 34
4 1029 2754 1029 2852 934 2856 952 2761 46
4 763 2579 763 2691 640 2705 637 2614 12
4 745 2359 749 2467 864 2453 871 2352 51
4 794 2166 794 2275 714 2285 707 2142 VIII
