27
4 1582 1176 1711 1176 1722 1298 1620 1337 80
4 1113 661 1113 833 1197 829 1214 682 62
4 623 840 640 1036 840 994 780 805 50
4 287 1309 269 1491 434 1484 434 1323 5
4 1211 1176 1214 1410 1326 1414 1330 1218 60
4 1526 1309 1522 1484 1368 1501 1414 1274 130
4 707 1564 717 1690 847 1683 854 1564 51
4 619 1736 612 1900 801 1890 766 1722 10
4 850 1942 854 2114 738 2114 738 1981 71
4 997 1960 976 2107 1113 2100 1099 1974 70
4 1214 1932 1214 2079 1092 2096 1095 1960 72
4 1361 1785 1361 1946 1270 1946 1253 1823 61
4 1729 1701 1746 1830 1624 1837 1617 1743 81
4 1876 1816 1995 1813 1988 1981 1900 1981 104
4 651 2212 644 2376 801 2338 759 2194 11
4 850 2411 847 2590 1001 2586 938 2422 21
4 1043 2369 1025 2520 1116 2506 1137 2373 28
4 1088 2555 1211 2551 1211 2646 1109 2663 31
4 1253 2537 1232 2691 1351 2691 1337 2537 30
4 1477 2642 1466 2789 1333 2789 1333 2646 27
4 1344 2436 1463 2436 1473 2534 1368 2548 32
4 1575 2534 1571 2670 1466 2653 1480 2534 29
4 1508 2292 1666 2299 1631 2425 1543 2422 24
4 1736 2362 1736 2492 1638 2495 1641 2390 20
4 1813 2432 1813 2586 1935 2590 1928 2436 101
4 1848 2208 2026 2201 2016 2366 1886 2401 100
4 1412 1728 1512 1723 1512 1869 1418 1864 131
