76
4 1141 612 1260 612 1249 451 1134 458 132
4 1354 511 1344 637 1260 640 1267 525 112
4 1368 759 1361 857 1270 871 1277 784 44
4 1459 756 1470 875 1557 875 1554 745 46
4 1428 661 1547 661 1540 525 1466 532 113
4 1431 381 1435 511 1319 514 1330 381 111
4 1613 367 1613 514 1508 514 1519 353 142
4 1708 507 1708 644 1617 644 1592 497 121
4 1778 640 1771 784 1690 787 1690 672 120
4 1785 350 1785 455 1694 465 1690 339 117
4 1918 486 1928 651 1823 651 1813 490 114
4 1683 875 1683 1029 1764 1011 1753 875 119
4 1830 773 1830 910 1757 913 1743 801 110
4 1970 714 1974 889 1865 878 1869 731 116
4 1988 920 1977 1057 1872 1050 1890 889 122
4 2033 1046 2033 1225 1928 1228 1942 1053 182
4 1802 1631 1921 1613 1893 1473 1806 1473 152
4 1935 1323 1928 1473 1844 1466 1816 1351 118
4 1792 1267 1792 1407 1694 1407 1694 1256 181
4 1592 1169 1711 1165 1725 1298 1613 1298 180
4 822 913 952 913 938 780 808 798 12
4 822 1039 959 1046 938 924 836 924 40
4 808 1211 910 1207 906 1060 812 1074 45
4 794 1354 959 1354 941 1225 833 1232 52
4 1071 1235 1071 1365 962 1365 962 1267 41
4 938 1400 938 1554 1050 1536 1036 1428 50
4 388 1393 371 1543 518 1533 518 1414 5
4 854 1501 854 1620 745 1624 742 1536 62
4 819 1767 826 1907 647 1914 658 1809 64
4 966 1739 836 1753 836 1638 948 1617 60
4 969 1862 864 1862 864 1753 976 1757 10
4 1333 1256 1428 1256 1407 1109 1309 1134 43
4 1218 1319 1221 1442 1305 1424 1295 1316 42
4 1393 1274 1393 1414 1302 1410 1298 1274 151
4 1470 1291 1466 1435 1393 1421 1396 1316 82
4 1365 1596 1473 1596 1442 1421 1386 1424 143
4 1274 1473 1260 1652 1386 1652 1382 1477 140
4 1291 1802 1431 1799 1421 1627 1319 1659 141
4 777 1939 784 2065 948 2061 906 1935 72
4 1736 1508 1753 1659 1659 1659 1659 1491 144
4 1564 1582 1571 1750 1676 1736 1659 1592 150
4 1813 1718 1809 1914 1683 1914 1704 1739 160
4 1900 1935 1918 2103 1816 2096 1820 1963 80
4 1568 1893 1571 2065 1704 2054 1690 1876 130
4 1389 1851 1389 1977 1295 1956 1316 1844 90
4 1218 1991 1333 1991 1337 2110 1242 2114 63
4 1463 2047 1456 2187 1361 2187 1358 2047 103
4 1291 2152 1291 2257 1368 2250 1368 2152 24
4 1281 2380 1368 2362 1375 2257 1288 2268 61
4 1470 2208 1466 2324 1368 2299 1375 2191 26
4 1561 2219 1701 2212 1690 2061 1599 2072 131
4 1795 2068 1792 2208 1711 2208 1701 2079 100
4 1865 2149 1893 2306 1767 2292 1802 2142 104
4 1690 2243 1708 2331 1617 2334 1603 2243 81
4 2012 2331 2023 2499 1925 2492 1918 2352 106
4 2068 2572 2058 2740 1921 2740 1928 2562 172
4 1914 2845 1904 2989 1816 2989 1820 2852 171
4 1834 3073 1729 3087 1732 2926 1827 2933 170
4 1708 2439 1708 2590 1627 2593 1620 2439 105
4 1676 2719 1564 2716 1568 2579 1673 2593 101
4 1687 2733 1690 2891 1603 2894 1613 2744 102
4 1655 2999 1547 2999 1571 2877 1655 2887 29
4 1512 3010 1606 3010 1606 3115 1501 3118 32
4 1417 2936 1508 2940 1508 3020 1459 3059 30
4 1344 2887 1435 2887 1435 2982 1333 2992 31
4 1400 2719 1400 2849 1298 2852 1295 2754 27
4 1267 2751 1274 2912 1183 2894 1179 2786 20
4 1092 2796 1099 2915 1179 2915 1172 2786 28
4 896 2866 1060 2873 1053 3010 941 3024 25
4 675 2621 805 2625 791 2488 672 2513 23
4 885 2394 885 2499 798 2506 759 2443 21
4 738 2324 738 2436 661 2471 647 2348 22
4 654 2240 763 2240 756 2327 672 2331 11
4 871 2233 875 2345 770 2338 784 2233 71
4 980 2110 980 2219 871 2226 878 2110 70
4 819 2096 826 2219 728 2215 728 2096 51
