27
4 280 1036 283 1190 462 1172 448 1032 5
4 910 875 917 1085 1029 1057 1015 899 50
4 1389 980 1403 1102 1470 1102 1473 1004 62
4 1333 1221 1442 1218 1428 1088 1358 1088 63
4 1424 1295 1424 1400 1519 1400 1515 1298 60
4 1582 1445 1571 1564 1470 1568 1484 1452 64
4 1729 1519 1729 1648 1809 1645 1802 1543 23
4 1879 1596 1879 1711 1788 1694 1806 1599 61
4 1897 1816 2019 1823 1991 1711 1918 1711 29
4 2005 1904 1998 2026 1897 2030 1904 1928 32
4 2037 2065 2040 2177 1928 2177 1935 2054 27
4 2086 2163 2086 2338 1984 2306 1995 2194 30
4 1865 2198 1869 2327 1960 2324 1963 2208 26
4 1757 2177 1848 2177 1851 2278 1746 2282 31
4 1613 2117 1739 2121 1750 2222 1648 2222 72
4 1641 2299 1645 2460 1732 2457 1746 2306 24
4 1501 2348 1638 2348 1634 2488 1526 2499 20
4 1375 2310 1487 2310 1491 2446 1389 2450 25
4 1081 2411 1239 2432 1214 2530 1095 2530 11
4 952 2390 1071 2390 1064 2275 976 2278 10
4 752 2114 920 2124 903 1970 791 1998 28
4 714 1883 812 1890 815 1998 721 1984 70
4 777 1795 892 1795 875 1865 794 1872 71
4 759 1666 864 1666 854 1757 756 1764 51
4 654 1603 784 1599 756 1487 644 1494 22
4 686 1386 773 1386 777 1484 665 1487 21
4 1636 955 1722 950 1724 1075 1645 1081 130
