200
4 386 807 459 812 454 830 410 835 14
4 632 749 710 749 717 791 643 806 137
4 583 908 668 908 661 943 572 950 107
4 664 982 569 979 569 943 664 947 128
4 565 1014 664 1014 664 989 569 975 127
4 657 1053 562 1053 569 1014 675 1014 126
4 329 1018 329 1067 406 1067 410 1010 106
4 410 1095 322 1095 325 1063 413 1063 119
4 406 1134 318 1134 318 1085 417 1085 123
4 403 1166 332 1166 336 1131 403 1131 112
4 413 1205 325 1205 329 1177 413 1169 124
4 410 1240 325 1244 325 1205 403 1205 130
4 406 1275 332 1286 332 1237 417 1244 134
4 410 1314 311 1318 314 1265 428 1275 108
4 403 1357 307 1364 314 1311 410 1321 117
3 710 1374 784 1403 784 1357 19
4 802 1071 802 1116 897 1124 897 1071 125
4 791 1145 894 1145 894 1120 809 1116 109
4 802 1187 908 1187 897 1145 816 1145 122
4 802 1219 887 1222 894 1187 806 1191 110
3 802 1240 883 1258 887 1215 105
4 798 1293 890 1293 876 1251 816 1254 125
4 795 1325 873 1328 880 1293 809 1290 118
4 830 1505 908 1505 908 1456 851 1459 22
4 837 1604 904 1600 904 1565 827 1562 153
3 890 1629 834 1629 834 1615 143
4 820 1661 887 1657 883 1622 830 1625 170
4 822 1683 886 1683 888 1656 830 1656 151
4 824 1706 888 1704 888 1683 828 1683 155
4 826 1733 888 1724 888 1708 836 1710 166
4 816 1762 898 1756 903 1718 849 1720 157
4 809 1793 894 1789 894 1758 828 1758 145
4 826 1814 892 1820 892 1791 828 1797 140
4 791 1851 845 1853 847 1811 803 1820 22
4 809 1876 898 1876 898 1842 824 1847 160
4 814 1900 888 1905 888 1874 824 1874 162
4 795 1936 890 1938 888 1900 822 1900 161
4 923 1987 872 1987 865 1942 915 1942 50
4 694 2101 687 2143 758 2145 760 2107 171
4 563 2153 646 2149 642 2107 576 2110 165
4 594 1994 687 1994 685 1965 646 1965 164
4 611 1915 611 1954 691 1965 691 1923 163
4 315 1975 404 1971 404 1932 311 1940 149
4 306 1903 306 1934 406 1927 406 1894 142
4 319 1874 315 1896 410 1896 410 1867 141
4 321 1836 319 1869 410 1874 410 1836 154
4 323 1807 323 1840 414 1840 406 1801 144
4 319 1768 315 1811 412 1803 410 1772 158
4 323 1731 323 1760 404 1770 400 1737 148
4 323 1700 323 1727 404 1735 404 1702 146
4 317 1660 311 1696 410 1693 414 1660 147
4 327 1625 321 1660 406 1658 406 1629 139
4 321 1586 325 1629 414 1627 408 1592 138
4 489 1559 462 1613 561 1615 569 1578 152
4 451 1375 449 1410 526 1412 520 1377 111
4 493 1638 484 1683 573 1677 576 1638 160
4 385 2221 385 2286 472 2281 472 2232 173
4 327 2366 408 2372 404 2406 317 2414 180
4 400 2445 292 2447 306 2410 400 2410 181
4 406 2495 304 2480 308 2451 410 2451 175
4 402 2538 304 2536 308 2495 420 2501 205
4 406 2579 298 2571 304 2528 408 2536 184
4 395 2606 319 2606 317 2569 385 2575 182
4 406 2640 308 2637 319 2606 397 2606 196
4 393 2681 298 2673 298 2640 393 2637 193
4 395 2720 298 2726 300 2683 391 2689 197
4 387 2758 302 2768 302 2720 391 2718 208
4 344 2847 445 2855 445 2797 364 2801 204
5 681 2811 673 2849 760 2867 762 2834 704 2824 192
4 764 2801 764 2834 851 2836 849 2805 179
4 778 2774 778 2805 859 2805 859 2782 199
4 795 2741 791 2770 867 2776 872 2741 195
4 791 2712 791 2739 865 2743 867 2712 194
4 791 2671 778 2714 857 2714 863 2685 191
4 791 2644 791 2681 865 2685 865 2664 176
4 789 2623 789 2652 851 2652 855 2621 190
4 791 2586 791 2625 861 2625 861 2592 189
4 783 2544 783 2586 857 2588 857 2557 188
4 789 2515 789 2553 861 2557 863 2528 174
4 783 2488 783 2519 863 2519 861 2486 206
4 791 2459 785 2486 861 2488 863 2461 178
4 795 2433 795 2457 863 2453 863 2439 188
4 799 2408 795 2437 857 2439 859 2420 183
4 785 2387 785 2412 853 2410 853 2387 211
4 780 2364 780 2389 847 2391 851 2362 177
4 774 2323 774 2368 849 2366 853 2333 198
4 923 2306 822 2310 822 2290 915 2279 210
4 1284 2254 1277 2300 1199 2298 1199 2254 178
4 1544 2437 1538 2472 1441 2470 1449 2418 200
4 1528 2513 1426 2509 1433 2464 1528 2478 202
4 1532 2546 1441 2546 1447 2515 1551 2515 207
4 1528 2584 1443 2584 1449 2542 1526 2542 201
4 1571 2433 1563 2476 1648 2476 1648 2441 174
4 1553 2509 1629 2505 1629 2474 1555 2472 203
4 1631 2534 1555 2534 1557 2501 1627 2507 175
4 1640 2582 1536 2573 1563 2532 1640 2540 186
4 1201 2331 1195 2385 1261 2379 1250 2333 26
4 1195 2474 1269 2470 1267 2430 1207 2430 187
4 1319 2517 1399 2519 1393 2482 1323 2482 196
4 1304 2551 1406 2551 1393 2511 1325 2511 197
4 1302 2588 1391 2577 1393 2546 1308 2551 194
4 1304 2604 1404 2604 1404 2577 1313 2577 195
4 1366 2642 1296 2642 1308 2604 1370 2606 193
4 1153 2671 1132 2724 1244 2720 1236 2673 192
4 1079 2741 1068 2780 1141 2782 1145 2749 208
4 1054 2818 1141 2820 1145 2784 1079 2780 179
4 1006 2681 1089 2683 1089 2640 1019 2642 176
4 1019 2755 932 2751 934 2724 1021 2724 191
4 1103 2573 1019 2569 1033 2522 1099 2530 201
4 1012 2412 1012 2451 1081 2455 1083 2418 200
4 1008 2524 956 2515 959 2480 1004 2480 26
4 948 2557 1016 2555 1016 2524 961 2528 186
4 932 2666 865 2658 872 2629 934 2629 190
4 936 2608 936 2633 878 2631 880 2602 189
4 936 2577 938 2602 874 2598 876 2565 188
4 940 2553 940 2579 880 2571 880 2555 184
4 940 2524 940 2548 888 2553 876 2528 174
4 940 2495 930 2526 876 2526 876 2501 184
4 936 2464 936 2490 878 2495 876 2468 178
4 936 2435 936 2466 872 2461 869 2441 206
4 944 2404 944 2430 876 2430 876 2404 188
4 940 2372 940 2408 863 2406 863 2381 211
4 942 2346 942 2368 863 2368 865 2343 177
4 944 2312 944 2341 874 2341 878 2321 183
4 942 2252 940 2279 874 2275 876 2250 210
4 942 2215 938 2246 865 2246 865 2215 173
4 1696 1954 1787 1954 1776 1996 1683 1996 156
4 1714 2072 1689 2110 1613 2110 1623 2068 141
4 1540 2079 1520 2110 1449 2110 1460 2070 158
4 1366 2103 1356 2130 1267 2136 1277 2101 169
4 1366 2070 1360 2103 1267 2105 1275 2076 167
4 1362 2031 1362 2066 1269 2066 1273 2037 145
4 1354 2004 1354 2029 1273 2041 1269 2018 168
4 1375 1969 1362 2008 1284 2008 1286 1965 140
4 1364 1940 1370 1965 1271 1969 1277 1936 157
4 987 1505 981 1536 913 1536 915 1497 170
4 977 1555 911 1561 915 1532 967 1534 153
4 977 1590 915 1590 915 1565 996 1553 151
4 981 1615 915 1613 915 1592 977 1592 143
4 979 1644 909 1644 913 1611 987 1613 155
4 977 1664 909 1664 913 1638 987 1646 166
4 983 1693 915 1691 915 1662 987 1664 160
4 996 1733 909 1735 923 1687 994 1693 145
4 1043 1745 1033 1803 981 1787 992 1741 23
4 987 1818 985 1853 898 1842 898 1816 160
4 981 1887 899 1886 899 1848 990 1859 162
4 988 1933 900 1937 914 1894 993 1894 161
4 893 2048 997 2050 985 2092 889 2094 164
4 1073 1943 1054 1994 1149 1991 1148 1947 163
4 1173 1894 1157 1940 1231 1937 1249 1902 150
4 1281 1851 1271 1889 1354 1889 1357 1858 167
4 1296 1821 1293 1848 1369 1851 1376 1823 169
4 1310 1791 1307 1823 1385 1823 1384 1799 168
4 1341 1755 1337 1785 1423 1796 1422 1758 158
4 1397 1714 1386 1754 1474 1760 1480 1725 140
5 1253 1596 1253 1640 1318 1635 1304 1584 1243 1584 23
4 1281 1504 1275 1542 1364 1542 1364 1496 148
4 1426 1682 1416 1707 1507 1717 1507 1684 156
4 1526 1653 1518 1679 1416 1684 1427 1647 154
4 1530 1613 1527 1649 1433 1643 1449 1613 172
4 1549 1578 1540 1608 1455 1606 1455 1572 146
4 1562 1537 1564 1580 1455 1572 1476 1534 142
4 1764 900 1660 899 1668 851 1758 851 136
4 1811 1129 1796 1168 1732 1160 1754 1132 116
4 1673 1152 1736 1158 1730 1187 1662 1181 113
4 1618 1098 1606 1135 1523 1130 1528 1097 112
4 1523 1066 1608 1066 1600 1091 1511 1094 114
4 1612 1025 1606 1061 1523 1063 1526 1032 130
4 1477 1028 1473 1066 1372 1067 1369 1038 106
4 1467 987 1463 1026 1369 1028 1375 990 135
4 1451 955 1451 985 1364 982 1369 955 133
4 1376 912 1366 947 1452 955 1454 916 110
4 1454 880 1445 914 1367 915 1366 883 132
4 1454 840 1445 877 1347 873 1372 836 105
4 1444 792 1433 840 1353 836 1356 791 131
4 997 630 987 672 930 672 936 625 19
4 1000 849 1091 849 1092 804 1010 807 137
4 1080 949 990 940 993 912 1098 893 107
4 1250 975 1146 977 1155 940 1252 943 127
4 1154 1018 1234 1018 1242 990 1165 990 126
4 1243 1048 1146 1048 1164 1019 1249 1020 128
4 1291 1129 1275 1157 1202 1161 1211 1130 125
4 1309 1160 1294 1184 1217 1181 1237 1152 119
4 1242 1256 1240 1284 1183 1284 1181 1249 20
4 1095 1179 1088 1228 1167 1227 1180 1179 121
4 1612 1432 1594 1464 1505 1464 1526 1427 107
4 1581 1392 1580 1432 1493 1435 1499 1394 110
4 1583 1353 1575 1391 1482 1391 1498 1359 133
4 1559 1325 1553 1357 1468 1357 1485 1328 131
4 1545 1290 1542 1322 1457 1323 1464 1290 132
4 1536 1250 1536 1288 1454 1288 1460 1258 105
4 1512 1221 1512 1255 1425 1253 1425 1228 113
4 1499 1192 1498 1225 1410 1227 1410 1190 116
4 1482 1151 1470 1192 1385 1187 1392 1158 136
4 1381 1111 1384 1152 1467 1154 1468 1119 130
4 984 1379 893 1379 915 1348 987 1351 117
4 982 1307 974 1340 887 1340 896 1315 134
4 991 1256 988 1294 897 1296 896 1263 125
4 990 1206 981 1243 936 1244 946 1209 20
4 1168 1109 1244 1105 1237 1140 1159 1143 123
