54
4 449 406 509 410 498 470 449 480 110
4 961 350 1032 350 1035 389 975 403 16
4 332 533 332 473 403 463 403 530 170
4 290 639 360 639 353 710 304 710 180
4 293 760 360 760 346 813 304 827 180
4 343 894 406 894 403 823 350 827 169
4 424 961 484 961 484 904 428 876 154
4 297 1166 311 1102 371 1102 371 1177 118
4 413 1099 413 1032 491 1032 477 1095 171
4 420 1205 420 1141 480 1127 480 1205 172
4 420 1293 420 1208 480 1208 477 1283 178
4 428 1392 428 1314 480 1314 480 1403 144
4 420 1555 417 1459 477 1463 473 1569 178
4 424 1752 413 1678 480 1678 477 1767 134
4 346 1841 353 1759 428 1759 417 1837 165
4 318 2003 311 1933 367 1943 367 2017 180
4 325 2173 325 2081 396 2085 389 2180 114
4 314 2516 318 2434 375 2438 367 2523 180
4 360 2586 360 2505 417 2498 420 2579 164
4 431 2296 435 2212 495 2212 488 2307 124
4 431 2106 435 2024 495 2021 484 2099 174
4 604 2134 608 2046 675 2046 661 2138 176
4 773 654 820 656 813 721 766 721 159
4 859 698 919 711 917 776 862 768 156
4 711 820 773 823 771 896 714 901 157
4 997 760 1063 763 1057 844 995 839 152
4 997 865 1057 872 1053 945 998 942 150
4 1070 1021 1118 1026 1125 1099 1069 1099 178
4 1200 979 1248 983 1253 1053 1204 1053 161
4 716 1269 779 1272 776 1353 717 1348 147
4 767 1428 815 1432 819 1507 757 1497 149
4 873 1375 920 1375 918 1450 875 1456 146
4 1237 625 1290 618 1290 668 1244 685 19
4 996 1212 1071 1212 1071 1293 1007 1293 142
4 1018 1403 1007 1307 1071 1307 1074 1392 140
4 594 1675 594 1597 661 1597 650 1678 138
4 728 1816 728 1724 784 1724 784 1816 137
4 767 1975 770 1901 827 1908 830 1989 139
4 869 1936 869 1827 926 1841 926 1929 136
4 1018 1837 1018 1767 1092 1770 1085 1851 130
4 1010 1745 1014 1664 1078 1668 1060 1742 132
4 1141 1752 1145 1661 1187 1664 1194 1735 168
4 1230 2046 1237 1933 1300 1950 1290 2042 160
4 1134 2162 1124 2099 1184 2095 1215 2152 167
4 979 2123 1056 2123 1056 2191 982 2191 122
4 721 2258 710 2148 802 2155 802 2233 127
4 784 2410 777 2328 844 2328 848 2406 129
4 880 2357 869 2272 936 2272 936 2335 126
4 989 2300 986 2222 1056 2222 1056 2296 120
4 1138 2349 1138 2254 1215 2261 1201 2335 166
4 897 2519 897 2434 986 2441 986 2526 162
4 890 2932 876 2865 954 2876 965 2940 12
4 993 2682 982 2604 1063 2597 1060 2653 17
4 1247 2675 1230 2579 1293 2579 1297 2664 163
