62
4 422 950 491 950 502 1041 422 1041 2
4 619 609 716 603 694 700 614 700 25
4 705 780 689 908 785 924 785 796 18b
4 1063 481 1057 593 1143 593 1143 486 16
4 1319 555 1314 657 1404 662 1394 561 c1
4 1613 523 1613 593 1687 598 1677 523 12
4 1570 593 1570 667 1655 662 1655 587 11
4 1746 571 1746 673 1671 678 1677 582 15c
4 1778 566 1762 678 1842 678 1837 571 15b
4 1880 513 1880 603 1965 609 1960 507 15
4 2029 571 2018 694 2109 694 2109 561 15a
4 1047 716 1047 838 1137 838 1143 716 18a
4 1314 721 1314 817 1404 822 1404 721 13
4 1837 753 1842 870 1922 870 1922 748 17
4 940 993 940 1089 1015 1084 1025 983 18
4 1148 918 1148 1036 1233 1036 1239 913 18c
4 1282 983 1276 1079 1356 1084 1362 993 c3
4 1303 1164 1298 1079 1388 1079 1388 1164 14
4 1639 977 1634 1084 1709 1084 1703 983 c2
4 1714 876 1703 993 1794 993 1800 886 17a
4 2024 993 2018 1068 2093 1068 2104 988 4
4 646 1298 641 1383 710 1388 716 1292 35
4 630 1484 635 1378 710 1383 705 1479 34
4 645 1707 645 1632 702 1637 704 1694 32
4 643 1794 643 1735 717 1730 709 1791 33
4 730 1758 722 1668 802 1663 786 1758 33a
4 763 1647 758 1560 840 1550 828 1642 34a
4 786 1390 784 1313 848 1313 851 1380 24
4 822 1475 822 1383 876 1378 869 1475 35a
4 930 1437 938 1347 866 1342 882 1442 34a
4 830 1717 835 1640 902 1629 902 1699 32a
4 717 1938 712 1832 779 1825 779 1917 31a
4 825 1943 833 1848 897 1853 900 1925 32a
4 640 1987 632 1907 694 1907 704 1961 32
4 643 2077 630 2012 696 2005 702 2061 31
4 679 2164 679 2089 761 2095 763 2149 30
4 607 2498 607 2413 681 2418 684 2480 29
4 928 2442 930 2354 979 2346 984 2408 30a
4 1113 2285 1121 2200 1190 2200 1190 2282 F5
4 1118 2054 1126 1966 1195 1966 1187 2038 F6
4 1293 2329 1295 2249 1360 2249 1367 2313 23
4 1665 2588 1671 2537 1748 2542 1740 2604 5
4 1295 2174 1293 2089 1357 2082 1349 2161 F4
4 1298 1935 1300 1845 1378 1861 1360 1935 F3
4 1342 1827 1342 1779 1383 1768 1419 1843 22
4 1344 1755 1344 1691 1406 1691 1421 1745 21
4 1293 1678 1293 1601 1370 1601 1370 1660 F2
4 1118 1822 1118 1735 1190 1743 1193 1820 F7
4 2025 2213 2005 2102 2074 2102 2092 2161 28
4 1737 2066 1737 1976 1807 1961 1812 2079 27a
4 1596 1856 1593 1750 1663 1753 1668 1853 26a
4 2041 2025 2041 1928 2095 1935 2102 1994 27
4 1930 1832 1928 1717 2002 1717 2012 1802 27b
4 1761 1737 1761 1653 1814 1658 1820 1719 26
4 2015 1655 2023 1581 2074 1581 2077 1647 X2
4 2020 1537 2015 1462 2089 1468 2089 1529 X1
4 1614 1426 1614 1339 1707 1342 1694 1426 D1
4 1298 1424 1303 1347 1372 1347 1375 1408 F1
4 1524 1375 1519 1282 1581 1275 1586 1344 19a
4 1118 1593 1123 1504 1187 1521 1198 1591 F8
4 1193 1450 1193 1370 1262 1372 1262 1455 F9
4 2056 1259 2043 1141 2113 1136 2131 1234 19b
