14
4 521 2002 609 1995 605 2054 528 2072 17
4 1288 1820 1288 1722 1382 1729 1400 1813 29
4 472 1659 486 1557 574 1571 577 1645 31
4 346 1309 332 1235 430 1228 437 1288 36
4 700 1361 696 1281 780 1281 787 1323 37
4 483 1130 469 1036 584 1039 581 1113 30
4 1617 1340 1617 1253 1750 1253 1760 1347 28b
4 1666 1050 1666 980 1767 980 1767 1050 X-X
4 1715 857 1708 777 1781 777 1788 847 28
4 1683 766 1690 693 1792 672 1799 759 28a
4 1823 756 1827 661 1921 672 1925 756 34
4 1981 700 1981 619 2044 623 2040 717 35
4 1253 661 1232 581 1358 588 1351 668 32
4 1368 553 1368 472 1459 476 1459 535 33
