33
4 1141 896 1235 896 1242 990 1155 990 20
4 542 1330 668 1333 637 1431 567 1431 12
4 948 1596 948 1508 1039 1512 1032 1582 16
4 1137 2072 1137 1967 1232 1961 1228 2061 S<1>
4 518 2103 518 2026 595 2026 595 2103 14
4 574 2208 574 2128 647 2128 651 2187 30
4 441 2257 542 2254 542 2187 455 2177 26
4 1116 2226 1116 2110 1190 2110 1204 2187 38
4 483 2338 374 2338 395 2257 486 2257 18
4 584 2415 465 2394 476 2331 588 2331 D<1>
4 623 2485 511 2485 514 2408 609 2408 24
4 532 2579 441 2576 441 2488 521 2488 28
4 623 2670 528 2670 528 2593 605 2593 14
4 490 2856 395 2859 395 2793 465 2793 10
4 591 3006 693 3006 686 3087 584 3090 22
4 1057 2779 941 2775 934 2712 1053 2691 36
4 973 2642 857 2642 861 2572 983 2541 44
4 1925 906 2033 903 2026 1008 1935 1008 20
4 1480 644 1484 763 1585 756 1589 654 12
4 1442 1585 1561 1585 1550 1708 1473 1704 14
4 2016 1585 2115 1580 2124 1680 2009 1687 S<2>
4 1914 1918 1823 1918 1827 1844 1928 1830 44
4 1491 1883 1403 1883 1403 1799 1494 1799 30
4 1407 2100 1333 2103 1333 2033 1407 2026 18
4 1529 2009 1442 2009 1445 1925 1519 1921 24
4 1501 2219 1414 2222 1414 2135 1491 2135 26
4 1589 2429 1466 2429 1473 2348 1589 2345 D<2>
4 1939 2152 1935 2254 2012 2250 2019 2166 16
4 1911 2338 1813 2352 1823 2264 1883 2247 28
4 1578 2593 1487 2593 1501 2527 1585 2520 14
4 2044 2600 1946 2600 1946 2523 2040 2516 36
4 1452 2877 1361 2870 1368 2789 1452 2789 10
4 1606 3045 1522 3045 1526 2964 1610 2964 22
