22
4 878 721 847 850 987 850 1004 728 24
4 1449 626 1428 766 1564 773 1564 640 23
4 836 1099 833 1197 997 1193 994 1102 12a
4 1424 1102 1417 1197 1529 1190 1533 1092 12
4 710 1386 710 1494 829 1491 840 1382 33
4 1561 1372 1554 1505 1694 1484 1708 1382 2d
4 766 1603 766 1722 906 1711 899 1606 2c
4 1641 1564 1617 1683 1764 1666 1757 1575 6a
4 2030 1876 1998 2026 2121 2012 2156 1883 4i
4 2012 2131 2142 2131 2152 2023 2040 2026 2a
4 2002 2163 2002 2254 2114 2254 2100 2166 6
4 2170 2369 1995 2362 2005 2247 2145 2247 11a
4 1585 2674 1435 2681 1456 2586 1585 2586 4b
4 1393 2684 1305 2684 1326 2604 1393 2597 8
4 1274 2681 1190 2681 1190 2597 1281 2590 3
4 1165 2691 1036 2691 1043 2586 1158 2590 4c
4 959 2485 1109 2492 1092 2600 983 2586 4d
4 1053 2233 966 2233 997 2124 1067 2138 7
4 983 2058 1088 2061 1060 2152 983 2142 5
4 969 1953 1095 1963 1078 2047 983 2047 7a
4 987 1844 1081 1865 1078 1942 997 1949 9
4 511 2460 374 2460 395 2320 528 2345 2b
