12
4 581 756 581 833 675 819 679 731 10
4 962 731 1029 731 1036 658 962 651 30
4 1116 808 1193 805 1207 724 1109 707 12
4 1267 763 1361 763 1340 651 1239 654 26
4 1624 1214 1701 1214 1704 1274 1652 1284 18
4 1596 1585 1697 1592 1680 1484 1585 1480 18
4 1967 1624 2089 1634 2079 1508 1963 1533 42
4 1417 1613 1526 1620 1529 1536 1459 1533 26
4 1386 1645 1389 1739 1309 1715 1309 1655 28
4 959 1463 1036 1463 1043 1372 990 1368 32
4 861 1543 959 1547 948 1456 847 1456 30
4 798 1410 903 1396 896 1312 798 1323 16
