13
4 462 406 472 500 626 486 609 388 300
4 497 644 486 731 626 724 619 647 306
4 654 822 654 906 752 906 763 836 312
4 504 910 518 994 623 994 626 910 311
4 528 1088 528 1158 658 1165 661 1088 303
4 441 1330 434 1396 563 1382 570 1309 309
4 420 1473 416 1561 535 1550 528 1463 301
4 1862 1431 1858 1526 1949 1554 1977 1463 310
4 1984 1099 1984 1176 2089 1197 2110 1099 305
4 1974 731 1974 829 2110 833 2110 710 304
4 2009 539 2005 619 2096 630 2117 535 307
4 1711 420 1715 514 1827 507 1844 423 302
4 1008 665 1004 749 1127 756 1130 661 308
