24
4 518 402 525 465 654 462 647 385 1000
4 493 570 493 651 612 630 602 563 1001
4 665 1071 647 1158 812 1137 801 1067 1012
4 735 1249 735 1344 854 1330 854 1246 1002
4 1123 1281 1116 1358 1263 1358 1242 1281 1011
4 1337 1281 1337 1351 1456 1351 1459 1281 1006
4 1568 1284 1687 1284 1687 1365 1578 1389 1002
4 1851 1158 1851 1246 2012 1242 2012 1165 1002
4 1949 910 1949 1015 2086 1008 2093 920 1012
4 1806 532 1816 605 1939 609 1907 514 1013
4 1582 567 1718 560 1722 619 1599 647 1009
4 1372 483 1372 563 1477 556 1487 476 1013
4 1221 469 1218 549 1333 549 1337 483 1010
4 976 486 976 581 1116 560 1120 476 1013
4 542 1750 647 1750 640 1841 542 1813 20
4 693 1592 616 1596 605 1540 707 1547 18
4 714 1907 721 2009 864 2002 864 1911 50a
4 997 1904 1001 1991 1141 1974 1120 1900 52
4 1204 1946 1204 2026 1333 1995 1333 1935 50b
4 1617 1914 1592 2030 1760 2040 1725 1928 60a
4 661 2348 759 2352 759 2275 696 2275 18
4 563 2513 661 2513 651 2583 546 2597 20
4 710 2520 808 2530 787 2632 710 2600 52
4 1606 2551 1718 2551 1718 2632 1620 2642 62
