17
4 689 878 682 969 798 973 791 882 26
4 1603 651 1603 752 1722 756 1718 651 32
4 1295 1120 1295 1211 1393 1211 1396 1134 46
4 927 1270 917 1358 1036 1358 1029 1270 10
4 1771 1039 1764 1162 1879 1162 1862 1046 14
4 1407 1249 1568 1249 1568 1323 1428 1330 52
4 924 1568 934 1641 1036 1645 1067 1564 36
4 1813 1452 1813 1536 1911 1557 1918 1456 42
4 1018 1718 1008 1806 1092 1795 1106 1732 40
4 1029 1890 1032 1995 1141 1991 1130 1900 44
4 1795 1722 1799 1813 1907 1813 1900 1711 54
4 1767 1827 1767 1960 1858 1960 1858 1827 50
4 1970 1221 1960 1358 2100 1340 2072 1228 38
4 1088 2208 1081 2303 1193 2264 1179 2201 48
4 1456 2208 1470 2292 1596 2289 1578 2201 20
4 1638 2184 1638 2278 1718 2285 1715 2194 56
4 1834 2138 1830 2236 1932 2233 1932 2149 28
