38
4 378 668 493 668 479 574 371 588 110
4 360 948 360 1039 441 1039 444 969 12
4 609 829 609 920 703 899 714 829 152
4 581 399 661 406 661 339 577 339 158
4 756 413 682 406 679 339 780 332 160
4 882 409 759 409 777 332 861 332 160
4 1001 402 892 402 892 329 990 332 159
4 1095 402 1008 406 1008 336 1095 343 114
4 1270 409 1148 413 1151 353 1260 332 118
4 1085 511 1197 511 1176 434 1085 437 170
4 927 616 815 623 826 532 917 528 124
4 1225 448 1225 525 1323 525 1319 441 134
4 1435 514 1330 514 1330 441 1424 441 174
4 1617 448 1617 514 1701 514 1708 448 144
4 1806 451 1806 532 1879 532 1890 458 157
4 917 738 1015 738 1004 819 913 808 127
4 682 1239 770 1239 770 1309 689 1309 17
4 857 1088 843 1165 966 1169 966 1095 120
4 1064 1099 1057 1169 976 1172 969 1099 122
4 1046 906 1046 976 1120 966 1120 899 126
4 1085 801 1085 875 1151 864 1158 808 129
4 1211 899 1211 962 1123 966 1123 910 172
4 1256 728 1256 798 1326 798 1337 731 137
4 1351 637 1351 696 1445 696 1449 640 136
4 1393 742 1379 791 1480 784 1473 728 139
4 1204 1102 1200 1183 1281 1176 1298 1120 130
4 1389 1102 1389 1183 1312 1183 1302 1109 132
4 1417 1235 1417 1298 1498 1298 1501 1242 154
4 1582 1235 1582 1319 1487 1312 1494 1232 150
4 1673 1239 1673 1298 1589 1295 1589 1246 156
4 1715 1197 1711 1256 1774 1256 1781 1204 160
4 1582 1060 1582 1134 1673 1120 1666 1057 140
4 1830 1249 1830 1291 1883 1291 1886 1235 19
4 2058 959 2051 1060 2121 1050 2121 962 16
4 1715 969 1715 1046 1813 1039 1816 976 142
4 1634 731 1634 801 1715 798 1718 721 147
4 1571 801 1470 784 1470 721 1543 721 149
4 1533 626 1533 714 1627 714 1627 637 146
