37
4 1652 2355 1666 2481 1816 2495 1767 2366 14
4 1596 2131 1596 2219 1694 2208 1690 2131 33
4 1704 2096 1816 2093 1816 2194 1722 2194 32
4 1974 1893 1956 1998 2075 1974 2079 1879 22'
4 1925 1774 1925 1872 2047 1862 2037 1771 31
4 1767 1645 1767 1732 1893 1732 1872 1652 19
4 1795 1536 1795 1634 1939 1634 1900 1547 20
4 1802 1421 1809 1529 1956 1522 1925 1421 18
4 1802 1302 1809 1400 1960 1393 1953 1291 15''
4 1792 1179 1792 1249 1911 1253 1904 1172 16
4 1806 1099 1820 1158 1914 1176 1921 1099 15
4 1781 1036 1785 1113 1907 1109 1907 1036 15'
4 1771 959 1771 1036 1886 1036 1879 945 24
4 1757 868 1757 980 1886 962 1865 871 28
4 1715 749 1729 843 1799 847 1806 759 30
4 1606 707 1606 798 1715 791 1711 700 27
4 1501 668 1508 773 1599 756 1617 679 13'
4 1358 724 1358 805 1456 805 1459 710 28'
4 1277 644 1284 742 1407 738 1417 651 12B
4 1302 521 1295 623 1403 623 1393 525 13
4 1466 437 1358 437 1351 357 1466 357 12
4 878 469 1004 462 1004 374 889 367 12'
4 878 542 878 626 976 630 1018 563 12A
4 787 647 787 731 878 735 882 658 23
4 826 766 819 854 917 854 934 770 13'
4 462 658 462 738 570 738 577 661 10
4 640 801 640 882 752 882 763 805 25
4 605 917 605 1022 724 1022 735 941 25'
4 630 1099 738 1099 728 1011 647 1015 17
4 766 1193 661 1193 661 1099 766 1099 12'
4 714 1288 581 1288 584 1200 721 1197 26'
4 784 1368 630 1375 630 1288 763 1284 26
4 742 1480 598 1491 605 1400 749 1393 29
4 728 1669 595 1669 595 1568 675 1568 22
4 686 1813 549 1813 556 1687 710 1683 11
4 689 1900 584 1918 591 1820 686 1820 21
4 735 2079 560 2065 591 1928 721 1928 14'
