51
4 1235 2765 1228 2835 1340 2831 1337 2751 44
4 602 2628 602 2726 689 2716 714 2649 34
4 651 2439 742 2439 745 2499 661 2516 32
4 661 2331 651 2418 738 2394 752 2334 36
4 644 2180 749 2180 749 2247 672 2275 30
4 609 2068 612 2159 749 2149 714 2075 116
4 612 1956 714 1956 714 2016 637 2030 38
4 609 1855 707 1855 707 1921 605 1932 82
4 602 1767 602 1830 703 1823 703 1760 124
4 528 1662 535 1732 633 1732 605 1669 68
4 717 1631 717 1708 633 1704 616 1641 110
4 612 1522 612 1603 724 1599 721 1522 126
4 661 1375 661 1445 738 1456 731 1389 66
4 651 1260 651 1337 735 1337 735 1263 58
4 609 1109 609 1179 682 1176 689 1116 60
4 602 948 602 1053 700 1032 707 952 62
4 549 791 542 868 619 871 609 801 78
4 1578 2621 1491 2614 1491 2555 1571 2555 40
4 1445 2481 1445 2569 1543 2562 1543 2495 112
4 1414 2387 1414 2457 1505 2457 1498 2383 28
5 1435 2317 1435 2376 1522 2376 1533 2306 1393 2306 114
4 1470 2170 1470 2243 1575 2243 1568 2166 42
4 1557 2089 1484 2089 1484 2030 1568 2030 26
4 1449 1942 1449 2009 1519 2009 1529 1942 46
4 1435 1858 1431 1921 1540 1921 1533 1869 106
4 1477 1809 1568 1809 1568 1879 1494 1872 86
4 1543 1771 1435 1774 1442 1718 1505 1718 132
4 1407 1666 1515 1655 1515 1708 1442 1725 108
4 1480 1599 1480 1652 1543 1652 1547 1592 84
4 1473 1536 1599 1536 1582 1610 1498 1603 136
4 1480 1463 1480 1515 1547 1512 1547 1459 86
4 1491 1400 1491 1449 1571 1452 1571 1386 88
4 1459 1333 1459 1403 1536 1389 1533 1347 20
4 1386 1193 1389 1274 1508 1274 1501 1193 134
4 1883 1277 2030 1267 2019 1344 1921 1354 120
4 1571 1074 1571 1158 1641 1165 1645 1092 4
4 1442 987 1449 1078 1547 1078 1550 994 50
4 1389 812 1389 878 1480 885 1480 808 54
4 1869 686 1872 801 2019 787 1998 696 122
4 1417 710 1414 763 1473 763 1484 710 80
4 1309 682 1309 752 1386 745 1389 675 72
4 1330 584 1330 665 1410 661 1393 595 6
4 644 714 633 791 721 791 728 721 80
4 756 630 752 714 843 714 847 640 64
4 913 602 906 689 861 693 843 612 8
5 896 465 896 560 983 556 1001 490 931 486 56
4 1116 476 1204 476 1207 413 1137 413 50
4 1277 525 1204 518 1204 462 1270 444 6
4 1190 549 1190 612 1263 609 1274 553 56
4 1284 668 1211 668 1221 602 1284 602 8
4 1708 423 1697 504 1781 504 1785 434 2
