41
4 927 392 920 465 1018 462 1015 409 186
4 931 560 934 493 1018 497 1018 563 188
4 500 658 493 714 563 714 577 675 155
4 644 717 570 717 570 668 619 668 160
4 693 668 626 675 626 612 700 619 180
4 777 668 689 675 689 616 766 616 160
4 843 658 843 728 910 728 924 675 160
4 938 651 1015 651 1015 717 938 721 160
4 1043 647 1109 647 1109 703 1046 721 154
4 1337 626 1326 700 1403 700 1424 651 114
4 1620 693 1708 693 1704 637 1634 640 182
4 1792 693 1704 693 1704 637 1771 637 160
4 1820 637 1816 735 1900 735 1904 672 160
4 1932 647 2009 647 1998 710 1914 710 157
4 1799 819 1715 819 1708 766 1774 766 MG2
4 710 752 707 791 787 798 787 749 MG1
4 532 938 532 994 637 994 633 931 110
4 784 952 773 1018 850 1018 854 959 172
4 553 1228 546 1305 619 1305 623 1246 12
4 738 1470 738 1533 819 1533 819 1477 17
4 931 1172 927 1242 1022 1235 1022 1158 126
4 994 1312 966 1400 1071 1396 1067 1333 120
4 1165 1344 1165 1400 1064 1389 1064 1337 122
4 1032 1092 1116 1092 1116 1018 1032 1018 127
4 987 791 990 854 1074 861 1085 791 124
4 1281 812 1281 885 1361 885 1379 829 134
4 1526 805 1522 875 1624 878 1599 808 144
5 1697 819 1697 871 1620 875 1613 815 1669 815 150
4 1473 906 1463 983 1557 983 1561 924 148
4 1190 987 1298 987 1298 934 1204 927 170
4 1302 1036 1200 1039 1207 987 1281 990 135
4 1309 1109 1386 1099 1368 1032 1319 1032 137
4 1459 1011 1459 1081 1561 1081 1561 1008 146
4 1662 1116 1582 1116 1575 1060 1652 1053 147
4 1214 1358 1211 1414 1281 1403 1274 1351 152
4 1337 1354 1337 1417 1256 1410 1270 1361 130
4 1361 1354 1403 1354 1428 1417 1351 1417 132
4 1533 1361 1529 1410 1606 1417 1620 1361 140
4 1708 1361 1701 1421 1624 1421 1620 1372 142
4 1704 1449 1704 1526 1802 1526 1792 1459 19
4 1914 1239 1914 1323 1981 1326 2002 1253 16
