14
4 924 745 1064 724 1064 605 931 612 452
4 1260 1305 1134 1295 1123 1169 1253 1162 456
4 1312 1400 1309 1515 1235 1512 1235 1389 2
4 1680 1991 1547 1967 1564 1876 1669 1851 130
4 938 1739 1057 1739 1067 1592 945 1596 100
4 997 1886 1001 2002 1106 1984 1095 1869 10
4 1263 1998 1263 2110 1165 2103 1158 2005 2
4 798 2243 801 2331 934 2331 903 2222 1
4 1106 2205 1106 2303 1190 2313 1200 2215 92
4 1249 2509 1127 2523 1141 2387 1249 2387 357
4 1375 2614 1291 2611 1295 2495 1379 2495 356
4 1326 2726 1228 2709 1228 2604 1326 2604 355
4 1277 2824 1172 2842 1183 2705 1281 2705 354
4 1393 2901 1288 2915 1309 2782 1386 2786 352
