15
4 1088 913 1092 1008 1221 976 1211 903 4
4 1144 598 1144 668 1246 686 1256 598 6
4 1361 756 1361 861 1445 868 1445 766 45
4 1519 976 1522 1081 1641 1081 1624 962 46
4 1764 959 1760 1106 1645 1106 1645 987 35
4 1834 1109 1834 1200 1746 1218 1732 1116 33
4 1732 1792 1729 1911 1837 1907 1841 1771 36
4 1599 2009 1599 2117 1697 2121 1704 2012 35
4 1365 1669 1368 1792 1487 1781 1463 1669 3
4 1186 1970 1193 2086 1323 2086 1288 1928 16
4 941 2215 931 2352 1071 2341 1074 2219 2
4 721 2117 721 2240 822 2243 812 2135 30
4 966 1869 966 1967 1064 1956 1057 1858 1
4 955 1543 966 1648 1050 1669 1078 1557 11
4 602 1589 623 1722 710 1708 700 1592 5
