51
4 1256 2712 1260 2793 1344 2803 1354 2719 44
4 640 2597 752 2597 742 2684 658 2684 34
4 682 2394 682 2457 770 2464 780 2397 32
4 696 2285 696 2366 777 2362 784 2292 36
4 700 2138 703 2212 770 2229 780 2152 30
4 647 2030 647 2110 756 2089 742 2023 116
4 633 1911 756 1911 756 1967 665 1981 38
4 623 1823 745 1820 745 1883 668 1890 82
4 640 1725 640 1788 738 1788 728 1729 124
4 563 1627 563 1694 661 1694 661 1645 68
4 1494 2579 1589 2579 1578 2502 1519 2502 40
4 1445 2436 1445 2520 1533 2509 1550 2460 112
4 1421 2411 1519 2411 1501 2338 1445 2341 28
4 1442 2257 1449 2348 1543 2348 1550 2271 114
4 1494 2124 1494 2222 1603 2212 1592 2128 42
4 1487 2058 1578 2054 1568 1981 1501 1984 26
4 1470 1904 1470 1963 1529 1974 1540 1918 46
4 1456 1813 1456 1876 1564 1886 1547 1834 106
4 1505 1767 1592 1767 1592 1827 1501 1841 86
4 1557 1743 1463 1746 1463 1694 1561 1694 132
4 1442 1617 1449 1683 1529 1690 1529 1641 108
4 1487 1561 1491 1610 1568 1627 1568 1578 84
4 1501 1501 1610 1501 1610 1561 1522 1571 136
4 1501 1431 1501 1484 1589 1487 1571 1438 86
4 1522 1372 1592 1372 1585 1431 1526 1431 88
4 1459 1316 1536 1316 1547 1379 1480 1379 20
4 654 1599 735 1599 752 1662 672 1666 110
4 647 1498 647 1585 752 1582 749 1515 126
4 707 1347 707 1431 784 1435 784 1351 66
4 686 1246 773 1246 773 1323 696 1305 58
4 1417 1179 1421 1253 1526 1270 1498 1172 134
4 1904 1232 2044 1225 2030 1323 1932 1316 120
4 1571 1057 1561 1176 1669 1151 1652 1064 4
4 1452 966 1452 1039 1547 1050 1568 983 50
4 647 1081 647 1172 728 1165 742 1088 60
4 654 931 651 1008 745 1018 745 941 62
4 574 787 563 875 668 875 682 794 78
4 665 679 665 773 763 777 756 700 80
4 798 637 798 717 892 717 868 651 64
4 966 609 948 682 892 679 896 602 8
4 938 458 938 546 1043 549 1046 483 56
4 1893 679 1893 773 2026 777 2009 672 122
4 1711 413 1715 490 1785 500 1785 427 2
4 1515 784 1498 882 1424 882 1424 794 54
4 1522 668 1522 763 1428 773 1431 689 80
4 1400 735 1330 728 1333 665 1400 665 72
4 1351 584 1358 647 1424 651 1431 584 6
4 1305 654 1249 654 1253 591 1316 595 8
4 1239 535 1319 535 1316 591 1242 605 56
4 1295 455 1295 525 1232 514 1249 448 6
4 1165 392 1169 472 1260 483 1256 399 50
