51
4 735 2215 735 2310 829 2310 812 2226 62
4 826 2012 812 2096 749 2096 742 2030 58
4 717 1914 819 1914 812 1970 731 1974 54
4 749 1827 749 1893 836 1890 826 1827 56
4 525 1799 525 1886 602 1883 605 1809 56
4 896 1729 896 1788 819 1788 829 1729 66
4 742 1760 819 1760 819 1704 742 1704 118
4 745 1659 833 1659 826 1704 742 1704 128
4 724 1589 724 1648 801 1645 798 1582 70
4 717 1484 717 1547 791 1547 794 1487 50
4 444 1414 448 1508 525 1501 518 1431 8
4 549 1365 549 1438 630 1424 630 1365 52
4 703 1305 686 1375 759 1375 766 1316 6
4 812 1295 812 1393 875 1375 885 1305 8
4 427 1099 434 1193 518 1190 518 1106 74
4 756 1123 759 1214 836 1221 843 1144 72
4 399 917 399 966 493 976 497 910 142
4 476 815 472 913 560 917 563 857 142
4 819 990 822 1053 910 1043 885 969 74
4 927 924 840 917 836 854 913 854 78
4 864 721 868 805 969 819 969 738 142
4 836 770 840 864 749 864 770 794 142
4 710 728 710 798 801 798 780 738 79
4 658 616 658 679 749 679 752 616 80
4 1627 794 1627 882 1704 885 1690 791 2
4 941 945 945 1053 1036 1043 1029 959 4
4 1008 1218 1004 1319 1095 1316 1099 1235 82
4 1312 913 1312 973 1263 973 1263 920 64
4 1365 952 1365 1029 1288 1029 1295 959 76
4 1421 1036 1421 1088 1337 1092 1333 1022 86
4 1487 1067 1487 1144 1407 1144 1414 1081 86
4 1515 1050 1515 1113 1568 1116 1596 1053 60
4 1519 1162 1526 1207 1599 1211 1599 1151 84
4 1599 1302 1498 1295 1505 1225 1571 1225 88
4 1319 1284 1319 1379 1407 1368 1417 1302 110
4 1389 1610 1505 1613 1491 1683 1396 1683 106
4 1449 1526 1452 1606 1554 1606 1554 1536 108
4 1540 1463 1631 1463 1634 1389 1547 1393 90
4 1540 1319 1550 1379 1634 1386 1620 1312 92
4 1732 1165 1736 1249 1813 1253 1820 1179 20
4 1743 1323 1743 1421 1834 1403 1823 1337 94
4 1841 1459 1757 1459 1757 1400 1834 1400 96
4 1879 1519 1781 1529 1799 1463 1872 1463 98
4 1795 1554 1795 1624 1890 1624 1893 1568 100
4 1589 1732 1589 1799 1680 1795 1669 1732 102
4 1795 1757 1806 1834 1711 1837 1666 1774 104
4 1837 1960 1837 2044 1914 2044 1907 1963 14
4 2023 1914 2131 1918 2114 2005 2026 2012 14
4 1921 1554 1918 1624 2009 1627 2002 1557 14
4 2037 1445 2037 1543 2156 1536 2124 1445 111
4 2086 1687 2086 1757 2159 1774 2170 1694 12
