20
4 521 1179 521 1305 623 1312 616 1179 24b
4 878 987 973 987 959 850 885 850 24d
4 1095 987 997 987 997 896 1085 906 23
4 1225 983 1134 983 1144 882 1232 885 20
4 1281 994 1417 994 1400 882 1309 882 22
4 1613 1256 1627 1351 1743 1337 1715 1249 I
4 542 1739 546 1841 626 1834 626 1750 21
4 1757 1428 1757 1575 1858 1575 1841 1459 24e
4 539 2012 539 2103 658 2103 651 1991 11
4 784 2033 787 2145 875 2149 882 2037 24c
4 1123 1869 1116 2002 1242 2002 1228 1865 21a
4 1400 1711 1396 1837 1519 1844 1501 1683 23b
4 1585 1715 1589 1858 1704 1855 1669 1711 23a
4 2061 1928 1956 1939 1963 1823 2058 1823 24a
4 2005 2117 1911 2117 1897 2005 2002 2005 21a
4 1890 2170 2009 2163 2012 2247 1907 2250 25
4 2093 2369 2096 2488 1995 2471 1995 2401 15
4 1407 2450 1407 2548 1522 2562 1522 2453 15
4 1214 2324 1218 2464 1337 2453 1333 2327 25
4 1053 2376 1057 2464 952 2467 941 2380 I
