55
4 1773 2681 1778 2796 1854 2794 1858 2688 58
4 1837 2544 1837 2628 1890 2642 1914 2555 57
4 1879 1617 1890 1711 1998 1704 1981 1620 S
4 1595 2512 1599 2618 1680 2618 1684 2512 61
4 1487 2509 1487 2618 1592 2618 1589 2509 60
4 1652 1886 1652 2009 1757 2002 1736 1897 55
4 1655 1673 1659 1757 1750 1774 1753 1673 59
4 1470 1627 1627 1627 1582 1522 1487 1529 63
4 1318 2799 1410 2800 1407 2695 1316 2698 22
4 1074 2754 1074 2870 1162 2873 1158 2754 11
4 1323 2670 1410 2670 1407 2579 1333 2593 54
4 796 2637 794 2715 862 2715 862 2632 15
4 934 2478 920 2653 847 2653 840 2492 62(BK)
4 966 2579 973 2656 1039 2639 1050 2586 53
4 976 2492 976 2579 1060 2583 1046 2481 52
4 976 2404 973 2499 1043 2499 1039 2411 56
4 1197 2513 1197 2583 1298 2597 1288 2492 51
4 1312 2383 1298 2460 1375 2471 1375 2387 22
4 1295 2306 1393 2317 1375 2215 1288 2226 54
4 1183 2187 1179 2285 1288 2285 1295 2184 51
4 1193 1879 1193 1963 1288 1960 1284 1883 51
4 1190 1575 1190 1662 1281 1655 1277 1568 51
4 966 2345 1036 2331 1036 2261 973 2261 53
4 976 2187 976 2271 1057 2254 1039 2187 52
4 976 2107 976 2191 1046 2173 1046 2096 56
4 882 2362 889 2422 973 2418 966 2338 11
4 850 2334 941 2334 931 2184 859 2188 62(C)
4 560 2187 560 2303 645 2303 640 2185 501
4 773 2135 780 2226 850 2219 857 2138 15
4 892 2044 892 2121 955 2114 962 2044 11
4 851 2036 919 2034 917 1886 847 1886 62(M)
4 777 1844 794 1932 864 1904 861 1813 15
4 819 1704 931 1704 938 1547 854 1561 62(Y)
4 976 2030 1043 2030 1043 1949 973 1949 53
4 969 1883 973 1949 1057 1949 1036 1879 52
4 969 1792 969 1883 1032 1879 1036 1795 56
4 868 1736 871 1809 952 1788 955 1725 11
4 973 1708 1043 1708 1043 1645 962 1648 53
4 969 1568 969 1645 1039 1645 1039 1568 52
4 976 1473 976 1561 1036 1568 1039 1470 56
4 1319 2086 1319 2173 1403 2173 1403 2082 22
4 1319 1960 1319 2068 1417 2065 1400 1939 54
4 1319 1855 1407 1851 1400 1743 1295 1746 22
4 1312 1683 1396 1655 1396 1746 1333 1750 54
4 1263 1092 1263 1214 1382 1193 1372 1109 15
4 997 1008 1008 1123 1116 1116 1085 1011 15
4 658 1018 651 1134 745 1134 745 1029 10'
4 980 861 980 934 896 934 910 847 16
4 828 815 828 893 895 890 903 820 12
4 868 672 871 794 959 791 948 679 17
4 1414 770 1414 892 1529 892 1515 770 15
4 1564 759 1687 759 1659 658 1561 665 13
4 1729 801 1701 885 1827 892 1830 812 15
4 1953 903 1953 1001 2072 997 2086 889 14
4 1830 994 1830 1060 1907 1064 1907 994 P
