40
4 823 869 823 936 876 940 876 876 4
4 986 929 912 922 912 855 996 855 11b
4 1145 1049 1056 1049 1049 982 1141 979 11a
4 1085 915 1088 972 1007 982 1003 890 9a
4 940 1109 869 1109 869 1046 933 1046 9b
4 947 1162 957 1092 1014 1095 1010 1152 1a
4 1081 1222 989 1222 989 1148 1053 1145 D
4 1063 1332 989 1328 989 1247 1074 1254 1b
4 1177 1371 1180 1463 1124 1431 1131 1371 1
4 1413 1099 1332 1099 1336 1028 1410 1021 1a
4 1498 1134 1441 1138 1438 1074 1505 1078 1b
5 1572 1152 1572 1194 1494 1191 1494 1120 1565 1124 D
4 1388 954 1325 950 1336 855 1399 859 4
4 1438 919 1523 915 1523 855 1438 841 11b
4 1622 982 1526 979 1533 897 1615 904 11a
4 1410 2286 1410 2367 1473 2371 1491 2307 2
4 1159 2431 1254 2431 1251 2353 1152 2353 X
4 972 2346 912 2360 901 2293 975 2282 2
4 912 2233 837 2233 830 2159 904 2159 1
4 724 2159 650 2159 654 2074 714 2074 G
4 869 2070 777 2049 777 1993 866 1993 C
4 830 1933 830 1996 912 2000 912 1936 8c
4 986 1855 982 1933 883 1926 880 1873 8b
4 636 1943 724 1947 724 1865 650 1869 8
4 625 1823 742 1830 742 1763 664 1763 8a
4 774 1661 774 1756 876 1752 869 1678 5
4 1039 1689 1039 1770 929 1770 957 1678 A
4 1131 1784 1131 1855 1198 1851 1201 1774 4
4 1226 1622 1148 1622 1148 1547 1237 1547 X
4 1247 1668 1346 1671 1343 1583 1261 1583 3
4 1374 1767 1456 1767 1424 1685 1371 1689 B
4 1357 1918 1470 1911 1470 1841 1378 1841 9b
4 1466 1975 1579 1971 1569 1894 1473 1894 9c
4 1615 2063 1505 2067 1509 1996 1590 1989 D
4 1526 1657 1526 1738 1629 1738 1611 1643 6
4 1699 1805 1622 1827 1597 1763 1717 1767 9a
4 1721 1904 1643 1894 1653 1820 1721 1823 9
4 1742 2176 1650 2173 1661 2092 1738 2088 G
4 1685 2000 1728 2000 1735 2063 1682 2063 h
4 1791 1950 1728 1933 1745 1858 1774 1858 k
