71
4 628 659 703 659 699 718 626 712 20
4 727 659 785 661 787 714 725 712 4b
4 804 666 869 666 871 737 806 737 3b
4 997 695 1060 693 1058 745 998 743 1
4 317 1031 384 1031 389 1086 326 1086 Fb
4 265 1103 372 1113 374 1165 275 1165 Etb
5 388 1105 460 1115 456 1163 388 1163 380 1159 Fb
4 1075 886 1149 886 1149 958 1082 953 Hb
4 1151 834 1193 832 1197 884 1155 884 11
4 1168 745 1228 745 1226 796 1168 792 2
4 1138 1016 1254 1018 1247 1079 1128 1071 Eta
4 1315 535 1394 535 1384 594 1296 592 Fc
4 1447 531 1508 529 1512 592 1437 594 4a
4 1584 529 1665 533 1668 605 1583 605 3a
4 1812 653 1875 645 1875 699 1814 695 10
4 1886 779 1983 777 1983 844 1890 842 Itc
4 1892 855 1964 853 1964 901 1901 899 H
4 1856 1023 1934 1023 1932 1082 1867 1084 3a
4 1844 1100 1926 1100 1926 1159 1840 1159 4a
4 1426 1159 1504 1159 1504 1203 1430 1191 1a
4 1569 1166 1642 1165 1638 1208 1563 1216 3c
4 1674 1165 1745 1163 1745 1214 1674 1214 4c
4 407 1365 464 1365 458 1415 409 1411 A
4 359 1432 422 1432 422 1489 355 1485 3B
4 319 1523 388 1525 395 1588 315 1588 4b
4 344 1665 384 1667 399 1722 359 1724 3
4 435 1691 470 1693 470 1756 430 1751 A
4 582 1546 617 1542 615 1598 584 1594 9
4 662 1562 701 1562 703 1604 657 1604 7
4 716 1531 752 1531 741 1592 710 1586 F
4 966 1554 1016 1550 1016 1604 964 1598 4
4 1016 1367 1088 1365 1088 1418 1025 1424 hb
4 911 1340 991 1340 987 1384 909 1384 4b
4 1000 1789 1050 1789 1048 1829 1010 1829 1
4 1208 1250 1252 1250 1254 1300 1210 1298 A
9 1250 1401 1170 1396 1163 1441 1168 1455 1187 1457 1208 1455 1224 1451 1239 1449 1243 1426 3a
5 1163 1548 1235 1546 1243 1605 1157 1611 1159 1567 9a
7 1224 1628 1302 1632 1306 1670 1306 1684 1279 1686 1243 1686 1226 1686 11a
4 1168 1691 1243 1701 1239 1754 1168 1751 3c
4 1292 1697 1249 1691 1249 1749 1291 1752 A
4 1884 1371 1968 1371 1970 1437 1878 1432 aa
4 596 1877 674 1871 657 1924 599 1928 20
5 724 1938 659 1934 651 1976 701 1978 720 1970 4
4 388 2066 464 2069 460 2119 388 2119 4b
4 336 2283 426 2287 420 2337 325 2339 bb
4 332 2381 418 2381 412 2442 328 2442 3b
4 447 2346 494 2350 498 2405 447 2405 F
4 682 2234 716 2232 716 2274 689 2274 8
4 767 2203 800 2203 802 2251 758 2247 7
4 951 2367 1007 2367 1009 2418 946 2412 b
4 946 2025 1000 2025 1000 2076 941 2075 b
4 963 2181 1035 2183 1038 2244 959 2244 hb
4 1205 1964 1260 1964 1266 2020 1193 2016 8a
4 1170 2050 1231 2050 1229 2113 1163 2106 4a
4 1182 2218 1109 2218 1100 2270 1168 2279 bb
4 1229 2258 1291 2266 1292 2319 1226 2312 3a
4 1208 2381 1296 2379 1291 2436 1199 2432 faf
4 1352 2455 1434 2455 1436 2497 1344 2495 4c
4 1842 2327 1926 2321 1913 2386 1854 2386 b
4 1886 1993 1968 2003 1987 2069 1886 2046 fa
4 1804 1901 1856 1901 1856 1961 1806 1959 b
4 1890 2098 1957 2102 1957 2151 1901 2150 fa
9 1993 2132 1934 2153 1936 2172 1938 2186 1953 2188 1964 2182 1983 2182 1999 2176 2001 2159 h
4 1222 2753 1285 2753 1277 2814 1208 2816 It
4 1709 2661 1781 2665 1779 2720 1722 2726 14
4 1716 2749 1762 2749 1752 2801 1709 2799 7
4 414 2535 494 2543 489 2600 414 2604 20
4 840 2583 928 2583 928 2661 844 2652 It
4 431 2970 544 2970 554 3024 433 3018 Etb
4 814 1251 816 1298 873 1301 882 1254 20
4 821 2952 849 2952 847 3002 818 2999 1
