34
4 599 695 664 695 673 753 605 753 R1
4 704 698 769 698 769 757 701 757 X1
4 840 692 911 695 908 763 840 766 R3
4 942 698 1010 695 997 763 942 760 X3
5 1312 701 1362 701 1359 760 1316 766 1303 760 R5
4 1374 695 1427 692 1430 763 1365 760 X5
4 1550 695 1609 695 1612 763 1541 766 R7
6 1621 682 1674 682 1680 753 1671 769 1621 766 1615 763 X7
5 1884 908 1967 908 1967 963 1908 976 1874 970 X2
7 1890 1195 1945 1189 1955 1229 1955 1254 1912 1251 1893 1248 1881 1248 X4
9 1874 1306 1942 1303 1945 1272 1942 1266 1930 1260 1908 1257 1887 1254 1878 1254 1878 1272 R4
4 1874 1448 1949 1445 1949 1522 1874 1522 X6
5 1868 1535 1955 1526 1958 1584 1874 1597 1871 1578 R6
4 1878 1723 1949 1723 1949 1782 1865 1782 X8
4 1871 1794 1955 1794 1945 1853 1865 1853 R8
4 1828 2180 1918 2183 1912 2279 1828 2273 686
5 445 2433 540 2440 534 2498 528 2520 451 2511 52
4 1232 1788 1331 1788 1316 1862 1244 1868 4/1
4 1495 1575 1566 1575 1559 1661 1495 1664 3/1
4 1427 1300 1488 1303 1492 1359 1436 1359 B5
5 1458 1371 1526 1365 1544 1368 1529 1421 1467 1414 B6
4 1180 1303 1269 1303 1272 1374 1180 1374 4/1
4 1050 1288 1121 1285 1118 1353 1047 1346 4/1
4 590 1427 655 1430 664 1513 602 1516 4/1
5 1658 1569 1739 1569 1735 1631 1689 1643 1661 1637 B7
7 1779 1640 1708 1640 1702 1680 1705 1698 1742 1698 1763 1698 1773 1692 B8
4 1637 1998 1726 1998 1717 2072 1631 2075 3/1
4 1025 1093 1109 1090 1106 1152 1044 1155 B4
4 988 1022 1059 1022 1059 1078 988 1090 B3
5 757 1016 837 1019 837 1102 781 1106 760 1096 3/1
4 565 1084 652 1078 655 1155 568 1161 3/1
4 800 809 874 809 865 871 803 871 B2
4 642 794 704 794 695 855 639 849 B1
8 1983 988 1871 985 1871 1028 1881 1038 1918 1038 1936 1041 1949 1038 1970 1025 R2
