30
4 405 392 503 392 503 457 392 460 I2
4 405 491 494 491 494 565 398 559 J3
4 389 587 506 587 494 658 401 661 G4
4 398 772 513 772 503 858 398 858 B2
4 401 889 519 896 516 979 408 970 G3
4 405 1016 513 1019 497 1109 398 1096 J2
4 414 1143 513 1152 513 1220 411 1207 G2
4 405 1241 516 1244 510 1309 408 1303 B1
4 414 1349 506 1349 503 1417 411 1414 R2
4 398 1479 516 1485 506 1544 392 1544 J1
4 392 1578 513 1575 506 1646 405 1637 S1
4 398 1658 513 1658 510 1711 405 1708 G1
4 405 1748 506 1748 497 1819 423 1816 R1
5 401 1834 506 1840 506 1893 426 1896 408 1899 B3
4 392 1912 525 1908 506 1979 398 1976 10
4 395 2001 506 2010 503 2057 411 2050 2
4 398 2097 500 2097 497 2152 386 2152 1
4 1871 2307 1976 2310 1973 2384 1859 2375 11
4 1859 1930 1973 1933 1983 2020 1865 2020 PC1
4 1874 1837 1961 1837 1955 1915 1887 1905 S2
4 1881 1723 1964 1723 1961 1807 1868 1800 J4
4 1871 1600 1976 1600 1970 1708 1862 1702 PC2
4 1874 1504 1976 1507 1970 1578 1856 1581 C1
4 1874 1399 1973 1396 1976 1473 1878 1473 R3
4 1868 1309 1973 1306 1973 1374 1853 1371 S3
4 1862 1201 1955 1198 1958 1294 1856 1297 PC3
4 1865 1115 1970 1115 1964 1189 1878 1189 C2
5 1871 1001 1961 1001 1958 1084 1958 1099 1865 1096 PC4
4 1868 889 1967 889 1961 963 1859 957 R4
5 1874 769 1967 769 1961 846 1958 855 1878 849 S4
