49
4 1155 488 1263 485 1254 559 1158 559 139
4 1198 574 1316 562 1303 624 1192 630 142
4 1291 667 1387 667 1383 729 1285 729 106
4 1251 803 1356 803 1343 868 1238 868 107
4 1124 883 1226 886 1220 939 1127 942 120
4 1158 963 1263 957 1257 1019 1177 1019 46
4 1146 1072 1235 1072 1226 1136 1136 1143 124
4 1143 1272 1241 1257 1238 1322 1133 1322 132
4 1223 1349 1328 1346 1322 1408 1217 1414 136
4 1204 1473 1309 1473 1300 1541 1180 1532 134
4 781 661 880 655 874 720 784 723 130
4 791 948 889 948 883 1016 781 1004 122
4 766 1081 874 1081 874 1158 763 1158 128
4 525 994 605 994 602 1062 506 1059 20
4 772 1421 871 1417 871 1488 772 1488 126
4 1402 1464 1482 1464 1488 1516 1387 1516 20
4 1535 639 1640 624 1634 682 1538 689 142
4 1615 797 1702 787 1711 843 1597 846 148
4 1874 778 1979 772 1967 831 1853 831 141
5 1807 874 1893 868 1893 914 1819 933 1803 930 142
4 1566 1115 1674 1112 1677 1173 1550 1173 146
4 1569 1251 1671 1244 1671 1312 1553 1319 144
4 383 1609 472 1606 466 1671 395 1674 42
4 429 1998 503 2004 503 2072 420 2075 86
4 775 1649 871 1646 874 1698 757 1698 140
4 1022 1819 1106 1819 1109 1859 1013 1865 118
4 1124 1878 1201 1878 1211 1936 1102 1936 106
4 778 2122 868 2109 880 2168 781 2180 104
4 837 2310 930 2307 926 2375 834 2375 94
4 905 2470 1016 2470 1013 2535 896 2538 110
4 615 2696 692 2696 692 2764 608 2764 56
4 936 2637 1025 2640 1019 2705 926 2699 96
4 1516 2656 1600 2653 1590 2733 1504 2727 98
4 1618 2693 1680 2693 1689 2751 1615 2755 92
4 1705 2569 1788 2566 1782 2631 1702 2628 96
5 1739 2341 1822 2341 1810 2418 1745 2418 1726 2412 94
4 1711 2239 1769 2230 1769 2294 1689 2298 46
4 1924 2260 1998 2257 2001 2335 1912 2328 52
5 2109 1998 2196 1989 2193 2066 2118 2060 2097 2060 48
4 2100 1896 2189 1887 2180 1964 2103 1964 86
4 466 2943 556 2943 550 3011 457 3008 64
4 1380 2965 1479 2965 1467 3029 1368 3020 54
5 2054 2974 2143 2968 2143 3014 2088 3026 2050 3020 64
4 1797 1785 1887 1782 1896 1831 1791 1844 124
5 1597 1664 1705 1655 1708 1711 1606 1714 1584 1711 138
4 1421 1535 1532 1522 1541 1587 1424 1590 139
4 1819 1661 1945 1661 1936 1720 1831 1711 140
4 2106 1637 2196 1640 2186 1692 2100 1686 50
4 726 522 790 517 793 586 732 591 5
