12
4 658 763 766 775 757 837 673 834 20
4 707 967 784 970 784 1031 686 1019 18
5 735 1133 825 1149 821 1235 818 1254 735 1251 422
4 837 1380 914 1396 899 1501 831 1495 426
4 1470 1013 1547 1019 1535 1121 1458 1118 412
5 500 1590 593 1597 593 1689 587 1714 500 1698 410
4 1053 1708 1127 1702 1127 1757 1062 1760 14
4 954 2047 1038 2057 1035 2134 951 2122 20
4 933 2251 1025 2257 1016 2313 933 2307 18
4 1038 2418 1121 2427 1112 2532 1028 2514 422
4 1087 2646 1177 2662 1167 2773 1075 2767 426
4 1711 2267 1828 2273 1807 2378 1723 2362 412
