35
4 787 1235 862 1241 855 1285 791 1291 120
4 889 1238 957 1241 960 1294 883 1294 122
4 976 1241 1044 1238 1044 1291 967 1291 170
4 1099 1238 1183 1238 1180 1291 1093 1288 130
4 1207 1235 1278 1235 1285 1294 1204 1294 132
4 1349 1235 1424 1238 1424 1285 1337 1288 172
4 1427 1223 1510 1223 1498 1288 1424 1291 140
4 1529 1226 1600 1229 1597 1294 1526 1294 142
4 670 880 757 880 747 933 667 933 129
4 831 865 905 865 905 926 834 933 127
5 997 871 1075 874 1065 930 1007 930 991 930 139
4 1149 877 1232 871 1223 942 1139 939 137
4 1340 945 1414 954 1414 1001 1331 997 154
4 1461 871 1541 871 1541 936 1467 936 147
4 1621 874 1720 877 1702 939 1624 936 149
4 1584 784 1671 784 1668 831 1584 840 146
4 1572 664 1668 661 1664 710 1569 713 144
4 1272 689 1356 689 1353 741 1288 741 158
4 1047 775 1130 772 1124 834 1044 834 136
4 1028 692 1112 692 1102 744 1016 741 134
4 1078 494 1167 491 1158 547 1078 540 152
5 942 439 1031 442 1025 500 960 506 942 494 114
4 812 497 892 494 889 547 806 550 160
4 716 689 794 689 791 735 720 744 124
4 1275 522 1359 522 1356 571 1266 574 156
4 1223 596 1312 599 1303 642 1235 642 150
4 1349 414 1439 411 1436 457 1359 457 118
4 1461 411 1526 408 1522 457 1454 457 160
5 1569 401 1640 401 1646 460 1569 460 1559 457 159
4 1964 1130 2041 1124 2041 1183 1961 1180 16
4 1720 1417 1797 1414 1791 1461 1692 1454 19
4 382 732 459 726 461 785 379 798 110
4 713 790 806 785 793 838 721 840 126
4 342 1105 411 1105 398 1166 347 1172 12
4 689 1410 763 1408 748 1482 681 1479 17
