14
4 414 1075 528 1075 516 1149 417 1143 320
4 324 1421 423 1430 411 1498 334 1492 321
4 324 1631 411 1637 401 1698 321 1698 322
4 327 1840 414 1847 398 1912 327 1912 323
4 324 2050 411 2050 408 2112 324 2118 324
4 330 2257 401 2254 411 2325 324 2331 325
4 667 1139 769 1139 769 1183 670 1189 310
4 939 1136 1016 1136 1016 1183 939 1189 305
4 1124 1112 1211 1112 1198 1183 1118 1173 301
4 1251 1297 1343 1300 1340 1359 1263 1362 303
4 1448 1702 1541 1702 1538 1766 1454 1769 302
4 1387 2335 1498 2341 1492 2384 1387 2384 330
4 1652 905 1748 905 1748 976 1640 973 300
6 1939 1393 2023 1390 2029 1424 2026 1451 1986 1454 1942 1448 350
