24
4 863 2464 945 2464 942 2519 863 2522 29
4 1159 2458 1254 2464 1244 2522 1168 2516 33
4 1308 1662 1376 1662 1369 1726 1305 1729 31
4 1412 1641 1461 1641 1455 1705 1418 1702 43
4 1321 1951 1377 1956 1372 2005 1323 2010 32
4 1585 1879 1651 1874 1649 1933 1597 1938 34
4 1759 1872 1821 1879 1823 1938 1767 1936 21
4 1887 1918 1949 1918 1946 1979 1885 1982 3b
4 2074 1879 2133 1877 2133 1933 2069 1938 25
4 2169 1869 2233 1869 2226 1941 2164 1944 50
4 2331 1908 2395 1905 2385 1962 2328 1964 35
4 1908 2256 1977 2254 1977 2310 1903 2315 36
4 1536 2162 1587 2162 1587 2218 1533 2226 22
4 1836 2164 1897 2164 1897 2228 1823 2228 24
4 2172 1662 2228 1662 2228 1721 2164 1715 39
4 2087 1613 2141 1613 2146 1677 2085 1672 49
4 1782 1641 1841 1636 1841 1692 1769 1690 47
4 1703 1608 1764 1610 1762 1672 1700 1664 45
4 1405 2172 1469 2174 1459 2246 1405 2246 23
4 1564 1300 1644 1300 1641 1367 1569 1364 42
4 1915 1303 1982 1305 1982 1359 1910 1356 44
4 2356 1356 2441 1351 2428 1436 2341 1423 40'
4 2333 2162 2418 2159 2415 2218 2328 2223 37
4 2162 1091 2227 1081 2248 1144 2167 1162 40'
