55
4 974 738 1041 736 1046 792 969 795 281
4 1190 710 1259 708 1256 767 1179 767 251
4 1331 710 1410 708 1400 767 1331 767 252
4 1551 818 1615 818 1618 879 1541 879 295
4 1751 826 1818 826 1821 879 1749 885 255
4 2400 472 2479 469 2472 531 2395 533 291
4 2021 800 2090 795 2087 856 2023 856 256
4 2321 862 2385 859 2379 923 2315 918 257
4 2036 1008 2105 1005 2103 1062 2031 1067 290
4 2321 1341 2387 1338 2385 1403 2313 1395 257
4 2026 1297 2092 1287 2090 1349 2026 1356 256
4 1938 1708 2015 1705 2010 1767 1938 1767 270
4 1928 1987 2003 1987 2003 2049 1931 2049 285
4 1949 2451 2023 2451 2021 2497 1954 2503 258
4 2033 2403 2097 2403 2097 2456 2031 2456 256
4 2010 1822 2080 1824 2076 1880 2010 1881 256
4 2329 2312 2395 2310 2390 2375 2324 2366 257
4 2339 2808 2407 2803 2403 2864 2337 2859 257
4 2036 2888 2102 2885 2102 2936 2032 2937 256
4 1888 2786 1954 2785 1951 2842 1880 2844 258
4 1854 2693 1919 2690 1919 2747 1847 2747 285
4 1288 2746 1356 2742 1356 2803 1283 2803 253
4 1466 2153 1537 2151 1534 2205 1464 2205 252
4 1203 2071 1273 2069 1278 2120 1198 2120 251
4 1014 2176 1085 2173 1085 2229 1014 2231 280
4 1027 2761 1092 2758 1098 2820 1032 2819 254
4 1468 2312 1554 2310 1553 2368 1466 2366 250b
4 775 2412 844 2412 842 2471 771 2471 210
4 885 1834 951 1834 951 1898 878 1897 254
4 1139 1817 1210 1815 1214 1873 1134 1871 253
5 1417 1561 1508 1559 1503 1614 1419 1615 1419 1580 250e
4 1098 1458 1186 1454 1188 1507 1103 1508 250a
4 756 1339 827 1339 820 1393 756 1395 240
4 880 1280 949 1280 946 1327 880 1336 254
4 992 1371 1063 1371 1058 1424 992 1425 280
4 1069 1363 1129 1359 1132 1414 1068 1415 251
4 1139 1253 1205 1251 1203 1307 1132 1308 253
4 1341 1271 1410 1269 1410 1327 1347 1325 252
4 1425 1795 1505 1793 1503 1847 1425 1842 250j
4 1727 1925 1814 1922 1815 1981 1725 1981 250k
4 2336 1836 2395 1832 2395 1893 2331 1890 257
4 2425 2431 2495 2429 2493 2488 2425 2488 210
4 1095 893 1180 893 1181 946 1097 942 250a
4 992 824 1064 822 1061 873 992 873 280
4 1520 1263 1608 1259 1614 1314 1520 1317 250c
4 1717 1242 1785 1237 1788 1295 1717 1295 260
4 1871 1403 1953 1400 1954 1458 1863 1454 250d
4 1881 1483 1954 1480 1949 1531 1881 1534 220
4 1898 1319 1976 1319 1975 1375 1900 1373 265
4 2414 1156 2483 1158 2481 1208 2408 1205 240
4 1872 1548 1961 1540 1961 1603 1872 1603 250F
4 2008 551 2089 548 2083 608 2016 614 290
4 2036 1509 2107 1504 2109 1566 2034 1574 290
4 2039 1971 2120 1974 2109 2036 2047 2036 290
4 2049 2514 2123 2514 2123 2454 2049 2457 290
