22
4 728 628 800 628 792 705 722 700 41
4 1213 579 1297 577 1295 651 1208 646 39
4 1521 569 1603 564 1602 622 1518 618 42
4 1859 579 1936 579 1936 644 1854 638 25
4 1672 1410 1754 1410 1754 1479 1667 1472 y1
4 1241 1379 1333 1379 1333 1441 1238 1433 411
4 1144 1962 1254 1956 1259 2018 1138 2013 46b
4 1115 1529 1222 1529 1222 1590 1112 1581 46a
4 1112 1619 1181 1619 1181 1671 1115 1671 44
4 1110 2075 1185 2076 1180 2132 1115 2131 y5
4 1358 2129 1424 2129 1420 2183 1349 2178 38
4 1436 2371 1514 2371 1507 2427 1432 2424 46
4 1671 2647 1746 2646 1739 2714 1663 2708 11
4 1475 2666 1556 2666 1551 2725 1476 2724 16
4 1393 2839 1463 2837 1461 2917 1386 2919 24
4 985 2778 1053 2781 1054 2842 983 2836 38
4 1027 2380 1095 2381 1090 2434 1024 2424 45
4 669 2405 749 2407 741 2464 668 2456 44
4 578 2268 683 2271 681 2331 568 2324 46a
4 610 1536 685 1537 683 1597 608 1588 42
4 485 1679 579 1682 587 1749 482 1741 121
4 1223 1692 1315 1685 1315 1769 1223 1767 12
