42
4 1515 668 1581 668 1580 736 1519 734 83
4 1731 654 1795 654 1792 725 1727 725 85
4 1992 990 2046 990 2047 1049 1990 1042 86
4 1971 1097 2047 1098 2042 1173 1969 1164 20
4 1686 1110 1747 1110 1747 1168 1688 1168 84
4 1731 1180 1786 1180 1786 1246 1722 1242 85
4 1664 1190 1714 1190 1715 1258 1664 1251 84
4 1517 1195 1580 1193 1575 1258 1515 1254 83
4 1990 1261 2044 1261 2044 1329 1983 1325 87
4 1985 1500 2042 1502 2042 1561 1983 1566 86
4 1971 1608 2053 1614 2051 1685 1968 1675 20
4 1981 1769 2049 1769 2042 1839 1978 1831 87
4 1983 2008 2044 2007 2042 2073 1978 2069 86
4 1961 2119 2037 2117 2034 2186 1956 2183 20
4 1971 2283 2036 2283 2032 2351 1966 2341 87
4 1973 2522 2031 2517 2029 2586 1971 2581 86
4 1956 2634 2031 2632 2024 2708 1956 2700 20
4 1429 2639 1500 2637 1497 2715 1420 2703 19
4 1507 2210 1566 2214 1566 2278 1510 2275 83
4 1647 2207 1705 2208 1712 2271 1651 2268 84
4 1724 2193 1778 2198 1775 2259 1719 2253 85
4 1725 1686 1783 1686 1783 1753 1722 1746 85
4 1659 1698 1708 1697 1714 1766 1656 1761 84
4 1510 1702 1576 1698 1569 1766 1514 1764 83
4 1315 1836 1378 1834 1373 1908 1317 1897 24
4 1266 1892 1317 1892 1324 1951 1266 1954 75
4 893 2012 951 2012 951 2075 900 2076 76
4 814 2019 864 2024 871 2086 814 2085 77
4 697 1937 747 1936 749 2007 692 2005 76
4 558 1897 620 1900 615 1968 554 1963 14
4 634 1854 700 1854 697 1924 641 1920 75
4 537 1492 595 1492 590 1554 541 1554 78
4 724 1529 776 1524 775 1585 719 1580 75
4 898 1449 949 1446 946 1507 903 1502 80
4 1097 1371 1154 1375 1154 1441 1092 1439 78
4 1297 1432 1361 1431 1358 1503 1303 1500 22
4 1069 1475 1134 1471 1127 1544 1073 1542 21
4 1154 1475 1207 1469 1207 1534 1158 1534 80
4 532 1322 600 1322 593 1393 539 1383 78
4 676 1293 756 1293 747 1359 673 1356 79
4 1098 1237 1168 1234 1164 1303 1092 1295 11
4 1376 1158 1446 1159 1444 1229 1375 1225 21
