20
4 593 805 670 803 677 874 590 867 58
4 928 754 1002 749 997 813 925 805 56
4 1224 734 1334 734 1332 808 1222 805 54a
4 861 1191 928 1191 930 1255 849 1242 38
4 1199 1276 1273 1276 1276 1334 1191 1329 36
4 1169 949 1243 946 1242 1008 1169 1006 39b
4 1390 910 1463 907 1472 961 1389 957 39a
4 1541 1003 1600 998 1600 1064 1534 1054 22
4 1661 961 1725 956 1725 1025 1666 1020 30
4 1859 1260 1937 1260 1938 1314 1849 1311 24
4 1566 1326 1647 1326 1647 1384 1558 1375 54b
4 1565 1839 1627 1840 1624 1891 1565 1891 24
4 1145 1903 1228 1901 1230 1957 1148 1952 54a
4 1487 2212 1553 2211 1549 2275 1475 2268 22
4 1669 2285 1732 2285 1732 2343 1666 2327 30
4 1543 2439 1620 2437 1625 2495 1538 2490 39b
4 1519 2549 1610 2549 1605 2607 1516 2598 54b
4 1132 2678 1187 2672 1186 2732 1123 2728 55
4 1170 2493 1257 2498 1255 2551 1169 2544 39a
4 734 2397 815 2400 817 2458 731 2451 38
