31
4 1003 675 1071 676 1068 732 998 727 38
4 1300 649 1397 647 1400 708 1297 700 54a
4 1473 641 1541 641 1536 697 1469 693 30
4 1593 681 1675 680 1675 741 1590 734 39a
4 1751 720 1814 719 1814 776 1747 773 24
4 1910 775 1986 773 1985 829 1908 832 72
4 1759 1073 1829 1071 1824 1127 1758 1127 16
4 1844 1361 1910 1363 1905 1419 1839 1412 24
4 1763 1702 1841 1702 1832 1754 1759 1754 16
4 1386 1744 1464 1746 1461 1792 1383 1793 20
4 1744 1600 1814 1598 1810 1654 1734 1651 30
4 1168 1727 1232 1725 1231 1783 1168 1778 64
4 964 1905 1037 1914 1041 1963 969 1959 38
4 988 1759 1054 1763 1053 1808 983 1808 66
4 846 1773 920 1775 920 1837 836 1831 62
4 1007 1464 1083 1463 1083 1532 1003 1519 60
4 1234 1507 1307 1505 1302 1561 1231 1556 38
4 1039 2119 1119 2115 1117 2180 1037 2178 38
4 776 2185 844 2183 841 2236 776 2237 20
4 1151 2507 1220 2507 1217 2561 1146 2554 58
4 1397 2922 1463 2920 1461 2980 1388 2975 16
4 995 2907 1063 2907 1059 2963 986 2964 64
4 759 2758 831 2758 825 2819 754 2812 70
4 651 2688 707 2688 710 2751 646 2749 62
4 558 2642 624 2641 622 2693 547 2695 66
4 490 2273 558 2273 554 2327 481 2327 16
4 946 969 1023 979 1018 1036 938 1036 70
4 962 782 1028 782 1031 838 956 841 66
4 1308 1059 1395 1056 1400 1126 1305 1126 54b
4 1405 1041 1490 1041 1490 1115 1405 1108 39b
4 1244 928 1303 928 1300 979 1246 974 40
