15
4 1423 690 1518 685 1515 754 1413 741 504
4 1744 710 1856 700 1856 769 1754 764 500
4 1762 844 1862 841 1862 900 1751 897 508
4 1803 1023 1908 1013 1895 1087 1805 1087 P2<1>
4 1810 1321 1903 1318 1900 1397 1790 1397 P1<1>
4 1715 1613 1826 1608 1815 1677 1708 1685 SR1''
4 741 1626 872 1626 851 1700 726 1690 SR2''
4 451 1074 559 1072 554 1146 441 1136 P1<2>
4 451 1372 549 1364 551 1446 456 1438 P2<2>
4 1974 1756 2097 1754 2085 1813 1964 1797 600
4 477 1862 564 1864 562 1933 474 1923 T<1>'
4 479 2013 569 2010 569 2087 474 2082 T<2>'
4 485 2138 567 2138 562 2228 487 2215 T<3>'
4 490 2374 582 2372 577 2446 485 2441 T<4>'
4 492 2610 579 2608 572 2679 482 2674 T<5>'
