59
4 559 536 633 536 631 577 569 585 8
4 1179 523 1264 523 1264 585 1167 587 7
4 1833 692 1892 697 1892 751 1838 744 a
4 1838 800 1900 795 1900 851 1841 851 b
4 1838 918 1890 918 1892 977 1836 969 c
4 1762 1213 1846 1210 1836 1269 1767 1267 d
4 1933 1305 2013 1315 2003 1382 1928 1374 6
4 1500 1185 1587 1177 1577 1259 1505 1251 21
4 1295 1162 1362 1164 1356 1228 1295 1228 15
4 1405 1362 1451 1362 1464 1413 1408 1413 11
4 1354 1585 1428 1579 1436 1644 1359 1641 13
4 1087 1400 1154 1400 1154 1456 1090 1454 11
4 1215 1656 1295 1656 1287 1713 1213 1713 18
4 1228 1826 1300 1826 1290 1913 1223 1905 23
4 1636 1856 1713 1859 1705 1951 1631 1944 20
4 2010 1787 2100 1785 2095 1836 2008 1836 3
4 1977 2018 2069 2021 2056 2090 1972 2085 30
4 2131 2090 2038 2090 2033 2151 2126 2149 33
4 2051 2177 2128 2172 2128 2213 2046 2221 d
4 2064 2290 2138 2290 2136 2372 2072 2369 27
4 2069 2523 2141 2523 2141 2608 2064 2585 33
4 2026 2662 2092 2662 2090 2746 2018 2726 c
4 1949 2744 2026 2746 2018 2815 1946 2810 26
4 1795 2787 1872 2787 1872 2867 1805 2856 33
4 1718 2805 1777 2805 1779 2862 1710 2849 b
4 1572 2785 1638 2785 1636 2862 1569 2851 25
4 1415 2649 1485 2649 1485 2715 1415 2715 33
4 1392 2569 1454 2572 1454 2618 1395 2615 a
4 1377 2474 1454 2482 1454 2559 1377 2541 24
4 1859 1951 1931 1951 1933 2028 1867 2026 35
4 1797 2026 1856 2023 1864 2067 1792 2064 e
4 1692 1985 1762 1992 1764 2064 1692 2056 28
4 1608 1990 1677 1990 1677 2056 1608 2056 34
4 1521 2028 1600 2028 1597 2100 1526 2090 f
4 1477 2079 1536 2082 1538 2149 1482 2138 29
4 1408 2077 1469 2072 1467 2136 1413 2138 19
4 1385 2138 1454 2138 1441 2192 1382 2187 11
5 1495 2195 1495 2144 1451 2144 1444 2187 1446 2203 33
4 1759 2374 1813 2379 1810 2436 1759 2431 31
4 1367 2213 1441 2218 1428 2287 1377 2279 22
4 1056 2354 1131 2354 1128 2410 1062 2405 a
4 795 2344 869 2341 869 2397 790 2400 5
4 551 2254 664 2249 649 2310 554 2300 2
4 454 2892 577 2892 559 2951 464 2936 1
4 1067 2095 1133 2092 1131 2144 1056 2144 b
4 654 1944 733 1946 731 2010 638 2000 10
4 600 1367 669 1359 669 1421 600 1415 d
4 867 1277 936 1274 933 1349 864 1346 17
5 392 1144 487 1131 487 1174 418 1182 397 1182 9
5 808 995 908 995 900 1056 903 1064 803 1062 16
4 926 854 1003 854 1000 905 923 903 e
4 1126 921 1179 921 1182 969 1123 969 f
4 1110 1126 1187 1133 1187 1226 1100 1208 22
4 1436 949 1503 954 1503 1013 1433 1015 14
4 1441 1967 1515 1967 1518 2028 1446 2028 12
4 1772 1500 1849 1497 1836 1567 1772 1562 e
4 1223 1946 1277 1946 1285 2000 1226 1997 11
4 908 1831 987 1831 985 1885 915 1882 c
4 1374 1759 1451 1754 1459 1818 1377 1813 f
