33
4 597 777 669 777 669 851 595 846 39
4 918 859 995 859 992 936 915 931 10
4 1041 967 1126 962 1123 1038 1036 1026 18a
4 1221 1003 1295 1003 1285 1069 1208 1064 50
4 1346 1051 1438 1049 1418 1133 1338 1123 15b
4 1446 1113 1526 1108 1513 1174 1436 1177 19'
4 1572 1169 1492 1182 1492 1244 1556 1251 19
4 1669 1167 1759 1164 1759 1233 1674 1238 17b
4 1964 1390 2056 1385 2046 1462 1959 1456 16b
4 1947 1458 2063 1464 2054 1520 1946 1517 16a
4 1920 1536 1971 1536 1971 1597 1915 1597 10
4 1907 1617 1969 1620 1968 1683 1908 1675 29
4 1898 1692 1958 1692 1953 1756 1895 1751 56
4 2024 1763 1946 1763 1946 1817 2022 1820 58
4 1949 1905 2003 1903 1995 1964 1947 1964 11
4 1934 2022 1992 2022 1985 2081 1932 2078 11
4 2063 2081 1986 2085 1978 2136 2058 2134 62
4 2032 2339 2100 2339 2098 2414 2022 2405 64
4 1676 2400 1758 2400 1746 2468 1675 2461 13
4 1620 2325 1678 2325 1668 2395 1612 2392 12
4 1378 2380 1442 2378 1436 2441 1376 2444 10
4 1305 2292 1376 2290 1368 2358 1302 2359 14
4 1144 2141 1205 2142 1205 2208 1136 2203 60
4 1585 1731 1641 1727 1642 1805 1585 1802 38
4 1278 1425 1358 1425 1358 1498 1278 1497 17a
4 481 1764 541 1761 532 1829 483 1831 11
4 471 1603 527 1602 519 1668 468 1661 11
4 485 1441 547 1439 539 1508 480 1505 10
4 478 1336 542 1334 537 1398 473 1393 15
4 769 1136 825 1136 825 1202 766 1203 25
4 492 1034 553 1031 546 1098 490 1097 21
4 503 919 571 915 564 985 502 985 20
4 598 2287 663 2284 658 2389 600 2386 4
