43
4 628 1087 718 1087 715 1154 638 1154 25
4 677 974 754 974 754 1049 679 1038 39
4 821 967 879 962 882 1041 821 1033 22
4 933 905 1023 900 1023 979 923 969 25r
4 1059 887 1144 890 1144 962 1059 962 18a
4 1121 972 1226 969 1210 1033 1121 1036 27a
4 1100 1041 1205 1044 1208 1095 1105 1092 36a
4 1179 1156 1290 1154 1300 1087 1177 1097 30b'
4 1190 1174 1292 1172 1279 1241 1197 1233 30b
4 1308 1167 1374 1162 1367 1228 1305 1228 50
4 1328 1262 1395 1262 1392 1333 1333 1323 52
4 1421 1290 1508 1290 1503 1362 1415 1354 31a
4 1582 1246 1677 1244 1669 1326 1577 1318 31b
4 1772 1213 1874 1210 1864 1277 1772 1274 17b
4 2064 1436 2177 1428 2174 1518 2059 1515 16b
4 2044 1541 2159 1538 2154 1603 2044 1605 18b
4 2036 1638 2149 1646 2144 1708 2028 1697 27b
4 2056 1728 2138 1728 2136 1808 2049 1800 36b
4 2021 1808 2115 1826 2113 1887 2026 1882 37a
4 2026 1900 2115 1903 2113 1974 2026 1959 38
4 2000 1969 2079 1977 2059 2051 1995 2038 29
4 2054 2069 2128 2067 2123 2133 2046 2126 11
4 2008 2144 2079 2149 2074 2215 1997 2200 34
4 2033 2269 2103 2269 2103 2338 2026 2341 11
4 1846 2272 1900 2272 1905 2351 1851 2351 10
4 1513 2444 1579 2444 1579 2523 1503 2523 10
5 603 2223 669 2221 659 2315 626 2318 605 2310 4
4 731 2013 792 2010 782 2087 723 2082 11
4 769 1826 826 1833 823 1895 762 1897 11
4 564 1844 628 1838 628 1908 567 1908 10
4 544 1615 621 1613 623 1682 531 1677 26l
4 541 1436 615 1438 610 1510 536 1500 23
4 546 1328 638 1328 631 1400 538 1390 37b
4 536 1246 628 1246 628 1310 528 1313 28a
4 551 1146 654 1156 644 1226 554 1221 26u
4 856 1369 962 1367 962 1436 854 1436 30a
4 1013 1518 1008 1449 915 1451 915 1515 30a'
4 867 1505 964 1521 956 1597 872 1592 70
4 1264 1700 1338 1700 1331 1797 1259 1777 54
5 851 1682 931 1685 928 1764 851 1756 851 1695 10
4 1469 1756 1562 1756 1562 1833 1464 1831 28b
4 1533 1341 1638 1344 1623 1428 1510 1413 17a
4 1646 1400 1723 1400 1726 1482 1638 1469 16a
