41
4 941 759 1018 767 1018 823 938 826 110
4 1064 826 1149 827 1147 878 1058 878 206
4 1215 836 1307 834 1307 892 1214 890 204
4 1417 854 1508 851 1517 915 1415 914 256
4 1227 903 1308 900 1308 949 1224 949 200
4 1041 953 1131 953 1131 1010 1039 1003 202
4 1054 1053 1137 1053 1131 1114 1039 1110 210
4 1022 1161 1097 1159 1100 1225 1012 1217 12
4 802 964 890 966 880 1025 788 1020 222
4 1608 998 1692 998 1697 1078 1607 1063 104
4 1876 1095 1997 1092 2002 1149 1883 1146 260
4 1931 1208 2007 1207 2003 1276 1929 1269 116
4 1653 1173 1769 1176 1761 1232 1658 1231 230
4 1520 1085 1588 1090 1592 1139 1515 1132 114
4 1308 1083 1403 1085 1402 1141 1312 1136 220
4 1214 1110 1295 1107 1293 1156 1217 1163 214
4 1527 1192 1600 1188 1612 1237 1519 1232 216
4 1624 1286 1629 1239 1546 1241 1542 1278 224
4 1702 1525 1788 1527 1786 1568 1692 1563 252
5 1088 1373 1175 1373 1186 1375 1190 1427 1086 1425 212
4 927 1403 1012 1405 1012 1459 917 1454 254
4 1375 1298 1458 1297 1463 1346 1371 1339 226
4 888 1529 983 1529 973 1592 886 1590 234
5 1014 1531 1103 1534 1103 1588 998 1588 998 1542 246
4 1153 1547 1244 1549 1239 1603 1151 1598 244
4 883 1820 998 1822 998 1876 883 1871 242
4 1112 1817 1215 1822 1214 1875 1102 1871 248
4 1132 1951 1246 1949 1246 2012 1127 2020 240
4 922 2063 1031 2063 1027 2122 907 2119 236
4 1153 2080 1263 2081 1247 2137 1151 2131 244
4 564 2125 686 2127 676 2188 561 2185 258
4 597 2410 705 2414 693 2475 595 2469 238
4 769 2378 858 2380 853 2449 758 2441 240
4 920 2364 1014 2366 1008 2422 912 2417 242
4 1147 2383 1234 2383 1225 2434 1141 2429 248
4 1712 2383 1803 2383 1800 2446 1712 2441 108
4 908 2195 1021 2200 1018 2244 903 2231 246
4 1818 1669 1908 1677 1908 1749 1823 1751 118
4 662 1010 777 1010 774 1090 667 1087 209
4 1366 1224 1436 1225 1437 1275 1363 1271 226
4 1548 1308 1642 1308 1642 1355 1540 1360 228
