38
4 590 726 687 726 679 849 579 851 20b
4 1210 585 1321 590 1310 715 1205 695 12f
4 1390 946 1505 949 1505 1095 1400 1092 14fr
4 1841 987 2005 982 1982 1095 1831 1085 10
4 1218 1256 1310 1251 1310 1356 1221 1346 26
4 1023 1015 1118 1005 1105 1126 1028 1131 16c
4 813 1023 897 1021 892 1138 792 1131 16b
4 585 1018 690 1015 682 1126 587 1123 16a
4 459 1272 572 1272 551 1382 469 1379 17a
4 687 1282 774 1282 764 1387 679 1385 17b
4 903 1264 992 1267 985 1377 897 1374 17c
4 964 1174 1038 1174 1044 1259 962 1244 26
4 1272 1533 1369 1544 1367 1638 1254 1621 26
4 1344 1690 1446 1679 1446 1792 1333 1785 18l
4 1485 1797 1587 1800 1579 1928 1492 1918 20d
4 1803 1754 1908 1751 1905 1910 1803 1903 14br
4 903 1564 990 1559 979 1718 905 1718 14fl
4 1021 1577 1103 1582 1097 1738 1015 1723 22b
4 808 1590 892 1592 885 1713 823 1703 26
4 546 1603 628 1610 626 1756 541 1744 22a
4 421 1579 503 1582 497 1721 413 1715 20a
4 726 1831 826 1841 826 1969 721 1962 18u
4 1262 2018 1367 2036 1359 2149 1262 2146 16d
4 1159 2200 1249 2210 1246 2297 1169 2287 26
4 1408 2351 1485 2351 1482 2446 1403 2438 26
4 974 2282 1067 2292 1064 2428 972 2405 22c
4 918 2421 1028 2438 1021 2538 915 2544 17d
4 969 2721 1090 2715 1077 2862 969 2849 20c
4 1241 2713 1344 2710 1341 2867 1241 2862 14bl
4 1423 2726 1523 2733 1515 2872 1426 2864 17e
4 1664 2726 1764 2723 1754 2874 1664 2874 17f
4 1900 2490 1995 2490 1985 2646 1890 2631 22d
4 1854 2372 1931 2372 1936 2464 1844 2464 26
4 1946 2215 2036 2213 2041 2341 1933 2333 16f
4 1667 2282 1759 2287 1754 2369 1662 2356 26
4 1703 2182 1797 2179 1795 2279 1705 2279 16e
4 1546 2497 1623 2503 1621 2585 1538 2572 26
4 723 1175 791 1172 796 1256 715 1258 26
