62
4 1123 456 1241 456 1241 531 1118 515 130
4 1305 474 1400 479 1400 554 1318 551 114
4 1441 503 1528 503 1531 579 1426 567 132
4 1974 559 2051 551 2046 615 1977 621 24
4 1967 713 2049 710 2051 785 1974 777 26
4 1956 836 2046 836 2056 908 1951 900 138
4 1972 951 2085 964 2085 1041 1967 1036 140
4 1979 1069 2085 1072 2082 1133 1979 1136 144
4 1974 1192 2085 1197 2077 1264 1982 1264 136
4 2003 1405 2087 1408 2087 1479 2003 1472 12
4 1977 1508 2087 1513 2077 1572 1982 1564 134
4 1974 1723 2062 1718 2069 1774 1979 1779 28
4 1987 1890 2087 1887 2087 1964 1967 1954 142
4 1982 2028 2097 2026 2095 2092 1982 2082 150
4 1990 2115 2097 2115 2092 2177 1985 2174 146
4 1995 2200 2090 2203 2087 2256 1985 2249 154
4 1987 2279 2087 2279 2085 2338 1982 2336 152
4 1982 2403 2087 2400 2085 2344 1987 2341 154
4 1990 2413 2069 2408 2064 2462 1990 2467 36
4 1990 2523 2087 2528 2092 2469 1987 2479 156
4 1995 2551 2103 2551 2095 2608 1987 2608 150
4 1985 2626 2087 2618 2092 2679 1990 2679 148
4 1990 2703 2059 2700 2067 2764 1997 2764 34
4 1315 2869 1410 2877 1395 2936 1297 2941 30
4 1092 2874 1167 2879 1162 2954 1079 2944 32
4 946 2928 1026 2933 1023 2990 941 2997 50
4 887 2890 959 2885 944 2944 874 2944 46
4 813 2936 882 2938 879 3005 813 3000 52
4 536 2882 600 2882 592 2946 526 2949 48
4 433 2795 523 2792 510 2851 428 2849 44
4 423 2410 495 2410 490 2469 436 2472 68
4 390 2313 469 2313 469 2369 408 2367 18
4 421 2213 482 2226 487 2285 423 2277 72
4 415 2159 495 2164 490 2218 426 2208 16
4 405 2067 508 2067 500 2133 418 2133 70
4 403 1869 497 1874 497 1941 403 1923 80
4 413 1749 485 1749 485 1826 421 1821 78
4 413 1649 495 1649 492 1710 418 1713 76
4 413 1574 485 1574 485 1633 413 1628 74
4 408 1469 490 1469 479 1526 413 1526 66
4 410 1331 477 1331 479 1397 405 1395 62
4 413 951 485 951 485 1018 415 1018 14
4 654 1336 726 1336 726 1403 649 1387 64
4 749 890 859 890 856 964 754 962 120
4 1256 1469 1354 1469 1346 1521 1256 1531 126
4 1331 1579 1428 1579 1431 1518 1344 1518 128
4 1628 1621 1695 1618 1692 1687 1623 1687 20
4 1626 1733 1713 1733 1710 1803 1628 1797 40
4 1633 1856 1731 1851 1728 1913 1638 1913 116
4 1664 1936 1764 1928 1764 1987 1667 1977 148
4 1605 1977 1700 1977 1697 2046 1608 2044 156
4 1346 2049 1436 2046 1436 2113 1349 2103 38
4 1315 1803 1403 1800 1408 1877 1328 1877 32
4 1631 1174 1723 1177 1721 1238 1633 1241 124
5 1641 1308 1733 1308 1738 1251 1644 1251 1626 1254 112
4 1633 1372 1733 1377 1736 1315 1633 1315 122
4 1921 1285 1987 1285 2003 1349 1918 1344 22
4 1664 987 1762 987 1759 1059 1667 1067 122
4 621 2890 684 2888 679 2950 616 2948 32
4 621 3002 676 3002 676 2950 632 2945 30
4 718 2885 794 2885 786 2955 726 2955 82
4 728 3008 783 3000 775 2942 728 2953 84
