37
4 533 649 623 651 615 715 533 718 66
4 1236 456 1315 464 1297 541 1218 533 76
4 1867 751 1951 751 1954 831 1877 833 78
4 1874 1131 1949 1131 1946 1195 1879 1192 80
4 1010 1503 1110 1500 1108 1564 1021 1564 104
4 1387 1459 1482 1459 1482 1518 1385 1515 100
4 1638 1472 1731 1472 1728 1536 1649 1536 102
4 1667 1590 1749 1597 1754 1544 1677 1544 106
4 1674 1608 1751 1610 1744 1669 1674 1664 108
4 1662 1672 1756 1677 1744 1741 1667 1733 107
4 1664 1744 1744 1749 1744 1790 1672 1790 92
4 1664 1849 1767 1859 1767 1795 1667 1795 109
4 1667 1874 1723 1882 1731 1949 1659 1938 90
4 1656 2087 1741 2092 1736 2162 1662 2159 94
4 1651 2177 1738 2177 1741 2228 1654 2226 88
4 1646 2256 1744 2256 1733 2315 1662 2305 98
4 1656 2336 1736 2338 1741 2397 1659 2379 96
4 1664 2413 1749 2413 1731 2472 1651 2464 91
4 1631 2905 1700 2905 1705 2967 1633 2962 50
4 926 2897 1013 2897 1000 2967 918 2962 68
4 790 2405 859 2400 854 2462 790 2464 91
4 792 2331 856 2326 849 2379 792 2379 96
4 790 2269 862 2269 851 2318 787 2318 88
4 792 2205 856 2200 856 2262 787 2256 94
4 797 2113 859 2113 856 2172 790 2172 90
4 800 2056 872 2056 877 2113 787 2113 109
4 808 1921 874 1926 879 1985 800 1985 92
4 792 1854 877 1851 879 1913 795 1915 107
4 585 1897 672 1900 669 1959 597 1962 16
4 1867 1933 1972 1933 1956 2008 1877 2003 70
4 1872 1662 1962 1659 1959 1723 1885 1728 72
4 1238 2200 1313 2203 1305 2262 1236 2251 86
4 1244 2287 1310 2287 1305 2356 1236 2351 98
4 1271 2901 1350 2901 1342 2955 1269 2958 32
4 1274 3013 1337 3010 1329 2940 1279 2950 30
4 1436 2903 1501 2906 1501 2958 1441 2958 82
4 1444 3013 1496 3010 1491 2953 1441 2955 84
