20
4 990 664 1103 672 1103 738 997 741 20
4 1813 374 1900 369 1903 451 1808 444 40
4 1479 977 1564 977 1556 1049 1487 1044 22
4 1464 1377 1582 1382 1572 1446 1459 1441 45a
4 2049 1192 2133 1192 2128 1269 2044 1256 46
4 1418 1505 1505 1513 1500 1587 1428 1579 45
4 1528 1638 1646 1646 1649 1723 1538 1713 45b
4 1233 1969 1323 1969 1313 2046 1244 2044 20
4 1710 2356 1772 2351 1769 2413 1700 2413 22
4 1038 2882 1108 2885 1100 2956 1041 2951 57
4 879 3000 956 3000 959 3062 882 3056 56
4 785 3005 854 3005 854 3077 785 3072 23
4 590 2931 664 2931 659 2995 579 2995 54
4 579 1810 692 1810 679 1867 597 1869 50
4 474 1367 569 1382 572 1444 492 1433 56
4 423 1479 500 1479 497 1546 418 1546 23
4 421 1605 492 1605 490 1662 413 1659 54
4 790 1644 854 1641 859 1708 792 1703 25
4 600 1238 676 1232 687 1292 616 1305 52
4 901 1572 982 1564 974 1645 906 1642 52
