14
4 562 613 677 610 672 669 551 677 56
4 946 577 1046 587 1038 659 910 659 57
4 1254 490 1338 492 1338 562 1262 564 58
4 1510 454 1587 454 1592 521 1518 526 22
4 1023 908 1118 905 1126 951 1026 956 45
4 900 1503 1010 1505 1010 1569 900 1567 22
4 1259 1851 1328 1856 1328 1918 1259 1910 58
4 1508 2413 1623 2413 1623 2474 1513 2477 22
4 1262 2444 1359 2451 1364 2508 1262 2510 58
4 1097 2521 1185 2521 1182 2585 1087 2579 63
4 964 2546 1044 2546 1033 2633 964 2618 57
4 567 2564 679 2564 669 2631 569 2636 56
4 1038 2862 1123 2856 1115 2926 1026 2918 45
4 1185 2836 1262 2841 1254 2908 1187 2905 61
