20
4 1162 559 1226 559 1226 659 1154 651 104
4 1323 777 1423 777 1408 867 1313 854 102
4 1285 1003 1367 1000 1364 1082 1290 1077 122
4 1387 1028 1464 1028 1456 1110 1385 1108 118
4 1454 1179 1518 1187 1526 1110 1456 1108 106
4 1526 1279 1590 1279 1592 1372 1515 1364 146
5 1546 1769 1628 1769 1628 1846 1551 1831 1554 1785 144
4 1515 2077 1579 2082 1582 2154 1518 2164 146
4 1413 2333 1479 2333 1477 2426 1395 2410 116
4 1285 2379 1367 2382 1362 2472 1295 2456 122
5 1154 2864 1190 2864 1215 2874 1203 2962 1146 2964 104
4 844 2872 949 2869 944 2941 856 2944 100
4 813 1854 885 1862 885 1949 815 1944 120
4 1049 1879 1128 1897 1110 1972 1046 1967 126
4 1151 1900 1144 1821 1074 1818 1059 1879 152
4 1446 1838 1505 1838 1505 1928 1436 1915 142
4 1079 1074 1141 1074 1138 1162 1074 1156 152
4 874 1400 972 1397 956 1492 867 1485 108
4 754 1595 833 1595 826 1679 756 1677 114
4 1041 1495 1105 1497 1108 1577 1028 1569 126
