17
4 1316 1312 1302 1431 1414 1424 1410 1312 9
4 1529 1326 1526 1428 1610 1428 1613 1344 40
4 1739 1680 1883 1680 1886 1774 1792 1795 30
4 651 633 647 759 749 752 752 633 19
4 388 854 570 868 570 948 420 969 5
4 605 1120 605 1228 721 1221 721 1127 10
4 1081 1291 1081 1407 1193 1396 1197 1284 17
4 483 2215 591 2212 574 2138 500 2142 6
4 493 2061 595 2061 595 2121 525 2142 7
4 682 1886 679 1967 759 1981 770 1907 2
4 794 1967 864 1956 840 1890 784 1893 4
4 973 1876 969 1956 833 1963 840 1886 3
4 1351 2009 1351 2114 1431 2114 1424 2044 8
4 777 2415 850 2401 847 2341 773 2345 1
4 819 2684 812 2782 910 2782 903 2684 23
4 927 2646 1046 2635 1050 2548 962 2530 20
4 997 2289 1001 2401 1148 2401 1134 2296 18
