22
4 889 836 1011 836 997 980 875 969 40
4 1428 833 1435 924 1557 924 1557 822 19
4 1561 1018 1680 1018 1652 1165 1571 1141 42
4 1760 1207 1862 1207 1851 1305 1767 1330 47
4 889 1057 1004 1057 1001 1144 920 1144 45
4 840 1288 948 1274 941 1351 854 1351 46
4 791 1753 791 1841 896 1844 896 1764 8
4 1011 1596 1081 1596 1071 1662 1004 1673 41
4 1431 1568 1540 1568 1547 1634 1463 1645 43
4 1561 1662 1634 1662 1627 1729 1578 1746 50
4 1519 1795 1617 1795 1599 1858 1526 1862 54
4 952 1806 948 1862 1036 1865 1043 1809 10
4 952 1932 917 2023 1004 2019 1015 1956 60
4 1631 1865 1631 1942 1561 1949 1564 1890 52
4 1624 2019 1540 2019 1554 1939 1624 1946 14
4 1921 2054 1932 2121 1851 2114 1858 2065 16
4 927 2121 934 2187 1011 2191 1011 2121 24
4 1582 2138 1578 2282 1662 2240 1645 2145 62
4 1575 2352 1662 2352 1648 2268 1596 2254 26
4 1638 2422 1645 2502 1547 2502 1557 2418 22
4 1064 2506 1067 2586 1179 2611 1193 2502 15
4 843 2649 934 2649 927 2747 833 2744 28
