46
4 589 812 591 920 732 905 727 838 231
4 774 822 771 912 900 912 900 840 330
4 882 740 884 840 948 838 948 761 C
4 1049 840 1054 910 938 910 928 843 216
4 1067 740 1067 840 1141 840 1144 761 B
4 1234 838 1234 928 1105 920 1108 846 200
4 1408 815 1408 912 1257 915 1262 830 221
4 1578 812 1568 920 1411 920 1411 825 NAN
4 1727 817 1727 925 1573 910 1586 810 501
4 1987 846 1984 959 2100 956 2100 858 521
4 1966 1038 2110 1038 2102 971 1987 971 500
4 1809 1038 1897 1041 1886 1110 1822 1110 E
4 1930 1151 2131 1151 2105 1059 1953 1064 ZYLBE
4 1948 1246 2113 1246 2113 1159 1961 1159 214
4 1951 1349 2120 1349 2105 1257 1961 1257 525
4 1948 1439 2110 1439 2097 1357 1964 1360 524
4 1961 1452 1961 1547 2120 1542 2110 1444 522
4 524 954 524 1059 655 1056 648 974 300
4 499 1144 653 1144 650 1061 514 1061 531
4 511 1257 663 1257 648 1159 524 1162 320
4 486 1349 648 1347 648 1254 506 1254 321
4 473 1450 658 1450 653 1342 486 1344 230
4 501 1460 501 1542 650 1542 648 1452 530
4 1964 1642 2118 1647 2118 1545 1982 1545 213
4 1948 1740 2100 1745 2089 1650 1979 1650 212
4 488 1555 493 1653 666 1653 653 1550 232
4 486 1743 645 1743 635 1668 486 1658 515
4 473 1853 648 1853 640 1763 478 1768 532
4 1948 1848 2110 1850 2095 1750 1956 1750 215
4 452 1948 655 1956 645 1850 481 1850 513
4 1946 1951 2092 1951 2082 1868 1930 1876 211
4 481 2059 653 2059 635 1966 468 1964 514
4 1928 2036 2107 2038 2097 1964 1930 1974 526
4 1953 2149 2056 2149 2056 2056 1956 2061 GG
4 486 2161 630 2172 632 2056 509 2056 512
4 442 2267 632 2264 622 2161 501 2159 511
5 1940 2246 2092 2246 2087 2151 1933 2151 1935 2226 219
4 1935 2354 2056 2349 2054 2269 1938 2293 GN
4 1719 2295 1725 2406 1881 2398 1866 2290 218
4 1573 2298 1570 2377 1699 2377 1699 2305 523
4 1393 2305 1385 2390 1550 2388 1550 2305 518
4 1229 2300 1221 2393 1367 2375 1370 2303 527
4 1067 2300 1067 2398 1190 2388 1190 2316 519
4 892 2303 897 2393 1005 2400 1005 2295 AN
4 694 2298 696 2393 892 2388 876 2305 STW1
4 491 2362 627 2354 625 2264 486 2267 SO1
