20
4 1074 644 1060 735 1197 724 1190 637 840
4 759 1148 735 1235 889 1239 892 1158 842
4 1242 1057 1239 1151 1424 1158 1403 1046 841
4 777 1711 777 1792 917 1799 931 1708 822
4 1386 1715 1382 1795 1529 1799 1522 1729 826
4 1743 1701 1725 1781 1872 1806 1879 1729 813
4 1165 1942 1179 2068 1298 2051 1305 1977 816
4 1428 2016 1417 2145 1302 2124 1305 2033 817
4 374 2026 371 2124 511 2124 511 2044 814
4 381 2187 388 2268 525 2268 518 2177 827
4 385 2359 385 2464 504 2464 507 2369 815
4 745 2394 745 2488 882 2481 868 2397 819
4 864 2576 864 2667 994 2653 976 2579 830
4 910 2971 910 3062 1067 3062 1064 2961 823
4 1701 2978 1837 2978 1830 3080 1743 3073 811
4 1036 2464 1036 2541 1176 2541 1172 2457 832
4 1508 2611 1508 2702 1606 2695 1606 2632 818
4 2075 2611 2044 2726 2205 2709 2194 2628 825
4 2180 2352 2180 2425 2075 2432 2072 2352 812
4 2187 2128 2187 2243 2058 2226 2051 2159 824
