21
4 1722 2856 1736 2989 1844 2989 1830 2873 60a
4 808 2915 924 2915 917 2793 819 2803 54a
4 1067 2572 1130 2569 1134 2467 1074 2457 56a
4 1190 2432 1190 2569 1260 2569 1249 2467 58a
4 472 2562 465 2670 549 2663 560 2583 52a
4 458 2478 528 2478 539 2373 476 2373 42a
4 451 2205 553 2205 556 2100 462 2100 62a
4 976 1935 1099 1925 1064 1809 969 1827 56b
4 1351 1918 1442 1900 1428 1792 1365 1792 60b
4 1116 1501 1232 1498 1207 1340 1127 1347 58b
4 805 1830 899 1834 903 1708 833 1708 62b
4 325 1778 409 1785 416 1673 325 1690 40
4 311 1316 465 1316 441 1172 336 1186 42b
4 819 1435 906 1435 889 1305 829 1305 52b
4 892 1239 1050 1242 1053 1102 931 1102 54b
4 1970 1494 1984 1627 2093 1613 2058 1484 44
4 1858 1253 1949 1253 1949 1148 1865 1148 62c
4 1690 602 1820 574 1799 465 1708 483 50
4 2019 504 2166 500 2152 350 2033 367 51
4 1088 731 1214 738 1214 630 1116 640 46
4 955 784 1088 784 1060 679 962 682 48
