60
4 913 525 917 616 1015 612 1015 532 21
4 847 630 847 703 976 689 976 633 21a
4 1099 633 1095 700 969 696 969 637 21b
4 1211 630 1211 703 1102 707 1106 612 22a
4 1309 570 1309 637 1200 623 1197 563 24a
4 1253 693 1326 693 1326 626 1253 637 25
4 1410 623 1410 693 1333 696 1333 633 58
4 1358 763 1445 763 1445 686 1358 686 26
4 1557 686 1557 784 1466 770 1463 700 56
4 1389 840 1484 840 1484 773 1410 773 24
4 1571 784 1571 875 1491 878 1491 812 53
4 1442 896 1445 969 1519 962 1519 899 85
4 1599 854 1592 931 1515 934 1515 878 27
4 1680 892 1673 987 1554 987 1568 927 22d
4 1484 1029 1568 1029 1557 976 1473 976 31
4 1813 941 1792 1039 1652 1039 1690 952 22b
4 1613 1046 1620 1109 1718 1120 1718 1046 54
4 1575 1176 1669 1176 1669 1120 1596 1116 51
4 1750 1116 1746 1183 1669 1186 1669 1120 B
4 1816 1179 1816 1253 1669 1246 1680 1186 22e
4 1624 1312 1704 1312 1704 1239 1631 1239 44
4 1540 1281 1540 1375 1603 1361 1603 1277 A
4 1603 1386 1697 1386 1694 1312 1620 1312 47
4 1606 1473 1715 1470 1701 1379 1620 1379 50
4 1645 1543 1701 1543 1694 1491 1645 1491 b
4 1624 1617 1711 1617 1711 1547 1631 1547 b1
4 1585 1683 1659 1669 1659 1610 1585 1610 c
4 1592 1757 1676 1760 1676 1680 1592 1676 7
4 1561 1932 1648 1932 1652 1858 1571 1858 a1
4 1585 2026 1697 2030 1697 1935 1603 1946 57
4 1634 2065 1708 2065 1708 2114 1617 2114 a
4 780 1085 780 1172 892 1190 885 1095 60
4 612 1183 619 1288 724 1281 714 1200 41
4 749 1253 871 1253 871 1190 763 1183 41a
4 878 1323 752 1323 752 1249 857 1253 41b
4 910 1375 910 1463 815 1466 812 1403 46
4 696 1435 700 1512 763 1512 780 1459 45
4 679 1582 773 1582 773 1512 710 1512 30
4 630 1631 724 1631 724 1582 654 1582 55
4 630 1701 735 1701 735 1634 658 1634 6a
4 864 1659 864 1722 728 1718 728 1662 22c
4 780 1792 857 1792 857 1718 777 1718 d
4 749 1893 857 1886 850 1792 763 1792 59
4 738 2191 738 2289 878 2289 871 2184 22f
4 808 2373 906 2373 910 2296 840 2296 48
4 1575 2187 1718 2191 1718 2117 1592 2117 22<1>
4 1522 2366 1599 2355 1606 2278 1540 2278 A
4 1634 2355 1638 2422 1582 2425 1578 2348 B
4 1543 2502 1655 2492 1655 2418 1554 2422 42
4 787 2492 938 2495 934 2387 808 2390 44a
4 693 2509 693 2611 847 2600 819 2499 C4
4 1536 2597 1648 2600 1648 2513 1564 2513 20
4 1676 2646 1676 2744 1557 2733 1550 2642 22<2>
4 1480 2821 1610 2814 1606 2733 1498 2733 27
4 1638 2828 1638 2936 1508 2905 1529 2831 22
4 1393 2884 1393 2996 1505 2982 1508 2901 56
4 1333 2940 1333 3048 1225 3045 1225 2950 28
4 1113 2975 1218 2968 1225 3048 1113 3052 58
4 605 2782 752 2793 742 2901 605 2908 C3
4 1598 2201 1681 2198 1681 2266 1595 2258 40
