46
4 511 780 500 903 637 885 633 791 10
4 693 1158 808 1158 812 1253 721 1256 11
4 931 1141 931 1249 829 1235 829 1151 17
4 980 1151 980 1239 1060 1239 1039 1155 16
4 1162 1261 1157 1355 1039 1352 1044 1261 16'
4 1281 1130 1281 1225 1169 1239 1193 1162 S
4 1606 1207 1603 1312 1470 1312 1501 1207 16'
4 1725 1141 1725 1232 1606 1225 1606 1134 16
4 1774 927 1774 1004 1690 1008 1690 931 14
4 1788 826 1792 920 1683 917 1687 843 18
4 1848 686 1848 798 1753 794 1757 703 19
4 2033 595 2033 714 1914 707 1911 619 13
4 1788 532 1795 640 1666 630 1669 549 23
4 1627 430 1627 511 1533 514 1536 455 24
4 1435 955 1435 1064 1351 1060 1351 980 15
4 1305 969 1305 1074 1190 1071 1193 980 14
4 1337 875 1316 976 1183 976 1197 885 20
4 1421 444 1417 539 1274 539 1298 437 12
4 1204 448 1204 539 1095 532 1092 448 24
4 955 525 962 633 854 633 854 525 23
4 920 742 920 812 1008 822 1015 756 19
4 861 917 987 917 990 819 906 819 18
4 962 1032 850 1032 847 938 969 952 15
4 791 1886 805 1977 955 1960 927 1858 24
4 801 2191 927 2191 924 2096 829 2093 18
4 962 2285 787 2285 808 2198 938 2191 14
4 955 2366 829 2366 829 2292 938 2292 15
4 938 2460 808 2460 822 2366 931 2369 16
4 497 2625 504 2730 637 2712 637 2625 42
4 801 2691 637 2691 640 2607 787 2611 17
4 990 2719 987 2845 798 2817 833 2716 40
4 857 2516 854 2590 766 2590 773 2520 S
4 1183 2814 1186 2929 1060 2922 1053 2817 21
4 1288 2702 1298 2800 1186 2796 1176 2719 43
4 1463 2670 1459 2751 1330 2751 1340 2670 21
4 1585 2723 1592 2849 1463 2824 1480 2716 15
4 1711 2607 1718 2719 1603 2723 1606 2639 41
4 1953 2527 1953 2649 1837 2635 1809 2558 16
4 2019 2380 2016 2488 1911 2488 1921 2387 11
4 1785 2373 1774 2471 1610 2457 1641 2355 RS
4 1876 2243 1879 2352 1785 2352 1792 2257 14
4 1774 2159 1774 2285 1669 2285 1652 2173 18
4 2086 2110 2075 2233 1942 2240 1939 2142 10
4 1813 1827 1809 1932 1680 1942 1676 1855 24
4 1526 1781 1526 1890 1386 1886 1368 1806 22'
4 1484 1655 1484 1778 1340 1771 1344 1662 22
