16
4 1031 1840 1031 1936 878 1936 894 1825 48
4 624 1819 624 1941 407 1936 450 1825 52
4 555 1005 545 1148 693 1148 693 1015 50
4 925 963 925 1068 740 1058 762 947 37
4 1047 1200 1047 1338 888 1338 888 1222 44
4 1592 1322 1756 1322 1713 1200 1587 1232 46
4 1962 1333 1750 1333 1750 1200 1925 1206 47
4 1581 1084 1571 1190 1698 1195 1692 1084 42
4 2115 1010 2110 1179 1973 1185 1988 1047 53
4 1565 592 1391 592 1417 455 1550 455 40
4 777 455 777 571 957 571 957 465 38
4 1650 2538 1650 2628 1750 2628 1740 2544 8
4 1280 2433 1280 2523 1349 2528 1354 2454 8
4 1269 2607 1275 2702 1380 2708 1380 2618 8
4 947 2681 952 2761 1037 2761 1042 2665 8
4 936 2517 957 2602 1052 2591 1063 2491 8
