16
4 1050 794 1239 745 1218 605 1060 616 13
4 1470 1501 1452 1680 1333 1666 1354 1512 18b
4 1508 1851 1512 2023 1386 2030 1389 1876 18a
4 1246 1403 1253 1529 1330 1526 1347 1445 14
4 1113 1344 1116 1526 1004 1501 1011 1365 18
4 805 1505 948 1487 948 1361 833 1365 15
4 689 1533 749 1659 819 1659 798 1508 31
4 920 1890 952 1991 1029 1991 1032 1886 31
4 983 2082 878 2082 864 1960 962 1960 31
4 759 1743 672 1736 651 1673 731 1655 23
4 605 1701 616 1830 717 1830 717 1739 31
4 693 1942 563 1942 563 1841 682 1830 28
4 661 2065 553 2072 556 1949 654 1953 27
4 521 2061 647 2061 612 2156 532 2184 27
4 724 2327 861 2327 875 2201 770 2198 19
4 1008 2303 871 2292 906 2170 1001 2180 21
