26
4 1235 2345 1375 2348 1347 2219 1214 2219 14
4 602 2107 595 2222 469 2208 479 2110 13
4 721 2219 885 2215 868 2135 756 2152 18a
4 812 2100 700 2100 703 2016 805 2019 18
4 570 1914 703 1911 693 1774 553 1799 16
4 910 1995 766 1991 773 1904 889 1907 21
4 798 1813 808 1928 913 1914 913 1827 19
4 1057 1897 889 1897 903 1827 1015 1788 18b
4 959 1715 955 1802 829 1802 829 1708 28
4 805 1578 808 1704 945 1704 913 1564 29
4 1865 1764 1869 1848 2005 1844 2005 1753 22
4 1295 1743 1277 1823 1382 1848 1375 1739 23
4 1522 1701 1515 1806 1386 1799 1375 1704 28
4 1540 1561 1547 1687 1421 1701 1421 1610 29
4 1837 1221 1837 1333 2026 1333 1995 1207 25
4 1750 955 1750 1102 1900 1085 1869 969 15
4 1123 1501 1134 1603 1274 1596 1267 1501 24
4 1207 1305 1207 1435 1064 1442 1067 1351 27
4 1547 1207 1526 1347 1400 1330 1407 1228 29
4 1505 994 1505 1099 1400 1085 1431 1015 28
4 1403 948 1403 1046 1305 1053 1316 962 29
4 1155 917 1155 1050 1284 1036 1291 910 26
4 661 976 679 1162 798 1137 791 1015 17
4 794 1333 927 1330 924 1242 801 1239 29
4 962 1155 973 1239 878 1232 871 1148 28
4 1032 1046 1036 1155 917 1144 917 1057 29
