26
4 1403 2289 1239 2289 1256 2201 1410 2201 14
4 511 2075 511 2170 640 2170 644 2082 13
4 899 2170 756 2173 770 2093 875 2093 18a
4 836 1988 829 2082 724 2061 728 1977 18
4 584 1757 584 1865 745 1855 731 1767 16
4 920 1946 773 1946 791 1848 906 1855 21
4 836 1788 836 1855 945 1855 931 1785 19
4 1064 1771 1064 1855 941 1858 931 1774 18b
4 861 1669 857 1764 990 1764 976 1666 28
4 822 1554 822 1659 945 1652 938 1554 29
4 1890 1687 1893 1806 1991 1806 1984 1690 22
4 1281 1701 1277 1813 1417 1806 1389 1701 23
4 1536 1662 1529 1774 1389 1753 1393 1680 28
4 1571 1543 1568 1662 1421 1659 1438 1554 29
4 1134 1456 1137 1575 1302 1557 1284 1463 24
4 1214 1288 1214 1386 1067 1389 1092 1291 27
4 1431 1190 1431 1270 1543 1274 1557 1183 29
4 1862 1165 1865 1270 1995 1267 2016 1172 25
4 1907 927 1883 1039 1743 1029 1760 945 15
4 1540 952 1540 1067 1393 1057 1421 962 28
4 1316 882 1309 1004 1421 1001 1428 913 29
4 1165 871 1169 976 1302 976 1298 882 26
4 1071 1022 1071 1113 945 1102 945 1022 29
4 1011 1197 885 1197 889 1102 1001 1116 28
4 801 1270 934 1263 938 1200 826 1200 29
4 829 1109 689 1116 696 1008 812 1011 17
