49
4 872 1822 916 1816 916 1856 876 1858 16
4 895 1673 944 1682 957 1642 920 1635 14
4 730 1446 787 1453 791 1417 747 1417 17
4 1075 1421 1131 1421 1131 1385 1090 1385 15
4 1071 1323 1109 1330 1113 1287 1075 1287 11
4 1077 1037 1130 1044 1126 1001 1084 1003 12
4 1033 954 1078 961 1078 918 1044 918 10
4 590 1442 651 1451 653 1410 613 1410 26
4 517 1334 564 1340 570 1300 528 1296 20
4 566 1048 566 1082 520 1078 526 1046 23
4 515 1018 562 1022 573 984 530 980 21
4 573 918 517 918 520 884 570 878 22
4 1548 1939 1548 1975 1595 1977 1591 1934 3
4 1610 1835 1606 1877 1652 1877 1656 1835 16
4 1646 1652 1701 1656 1703 1618 1657 1616 14
4 1625 1478 1678 1481 1680 1440 1637 1440 17
4 1727 1400 1727 1434 1684 1430 1684 1400 11
4 1854 1181 1900 1184 1905 1143 1862 1141 10
4 1565 793 1612 795 1614 763 1576 759 3
4 1328 927 1372 927 1383 891 1340 887 20
4 1353 1410 1410 1411 1415 1377 1374 1376 26
4 1468 1457 1514 1461 1521 1425 1489 1423 15
4 668 1896 706 1902 719 1862 672 1862 4
4 503 1987 500 2030 552 2028 556 1990 22
4 1026 2009 1016 2047 1063 2051 1065 2015 10
4 498 2132 551 2132 552 2100 513 2095 21
4 590 2187 640 2193 645 2155 605 2155 24
4 634 2293 634 2325 583 2327 579 2295 19
4 513 2168 511 2210 554 2206 554 2174 18
4 554 2248 503 2248 507 2218 562 2212 23
4 554 2286 498 2289 509 2250 558 2250 25
4 505 2443 503 2484 552 2486 556 2446 20
4 798 2208 795 2250 838 2252 838 2210 13
4 1014 2072 1014 2110 1056 2110 1063 2076 27
4 1105 2098 1105 2138 1052 2132 1061 2089 12
4 1101 2399 1092 2439 1052 2441 1058 2403 11
4 1067 2503 1063 2541 1109 2545 1116 2507 16
4 1020 2622 1016 2658 971 2651 974 2613 15
4 585 2554 571 2600 624 2605 634 2569 26
4 664 2592 662 2630 696 2632 706 2594 4
4 937 2738 931 2781 876 2781 876 2744 14
4 848 2940 889 2952 887 2986 833 2986 16
4 1727 2066 1716 2123 1771 2123 1771 2079 20
4 1754 2564 1750 2605 1805 2607 1814 2575 22
4 1379 2609 1374 2645 1434 2649 1430 2617 26
4 1289 2547 1289 2588 1334 2588 1328 2554 10
4 1464 2348 1461 2376 1504 2376 1504 2350 12
4 1574 2352 1574 2382 1536 2382 1536 2346 13
4 1527 2248 1529 2288 1567 2289 1569 2255 21
