39
4 712 721 712 766 760 770 762 728 21
4 1134 763 1132 804 1178 804 1178 759 14
4 1226 737 1227 799 1278 802 1278 736 140
4 1362 760 1358 828 1408 828 1407 762 120
4 1189 929 1239 931 1238 977 1202 977 13
4 1432 868 1484 866 1480 914 1433 913 12
4 1167 1205 1211 1208 1205 1128 1167 1120 340
4 1522 950 1524 1021 1562 1023 1573 959 25
4 1529 1205 1528 1289 1590 1289 1584 1204 1100
4 1403 1241 1456 1238 1455 1299 1411 1299 34
4 1167 1263 1163 1316 1209 1322 1215 1268 22
4 1089 1261 1138 1264 1139 1344 1099 1344 222
4 1344 1397 1341 1458 1389 1462 1392 1403 30
4 652 1419 652 1476 697 1471 699 1428 111
4 347 1463 345 1509 394 1511 394 1470 19
4 1540 1544 1539 1588 1591 1588 1585 1544 10
4 1544 1699 1544 1767 1588 1761 1584 1702 110
4 1584 1989 1584 2062 1625 2062 1631 1999 40
4 944 1609 944 1649 980 1651 983 1614 18
4 351 1743 351 1798 401 1801 402 1746 20
4 354 1994 354 2049 401 2049 402 2005 20
4 832 1989 829 2032 880 2033 880 1988 16
4 939 1974 931 2015 984 2019 984 1983 17
4 366 2316 360 2369 412 2365 408 2321 19
4 638 2408 690 2408 689 2468 652 2472 112
4 1167 2203 1164 2243 1207 2244 1207 2203 18
4 1536 2123 1532 2172 1587 2163 1584 2128 11
4 1341 2336 1341 2393 1390 2393 1389 2335 30
4 1423 2347 1428 2405 1389 2412 1389 2351 34
4 1093 2528 1142 2527 1139 2468 1097 2468 22
4 1161 2463 1208 2458 1208 2541 1169 2538 222
4 1139 2600 1189 2598 1185 2684 1143 2686 340
4 1161 2803 1161 2845 1211 2841 1209 2803 13
4 1543 2513 1602 2509 1601 2593 1552 2596 1100
4 1525 2811 1573 2808 1574 2866 1524 2866 25
4 1422 2918 1422 2962 1469 2962 1466 2918 12
4 1373 2994 1423 2992 1425 3066 1375 3061 120
4 1307 3040 1362 3040 1362 3110 1323 3109 140
4 1160 3065 1209 3061 1212 3104 1168 3108 14
