34
4 696 674 763 674 759 598 703 598 1
4 696 676 765 678 759 600 703 600 RP
4 1020 682 1073 683 1078 616 1022 614 RS
4 1254 767 1316 766 1315 674 1259 678 SRU
4 703 868 747 866 747 819 712 820 VF
4 929 954 981 951 978 903 938 905 TS
4 1027 914 1024 957 981 959 987 917 TR
4 1036 924 1074 925 1072 964 1030 970 TD
4 613 1060 669 1063 676 999 626 998 E4
4 1620 673 1623 767 1682 764 1674 673 SRL
4 1120 1291 1176 1292 1179 1234 1127 1233 E1
4 1698 1297 1752 1296 1750 1228 1709 1231 TDL
4 1850 1288 1904 1285 1897 1223 1856 1227 TRL
4 974 1491 1020 1495 1020 1358 967 1358 V0 (80)
4 692 1480 745 1478 745 1401 697 1401 SVC
4 834 1750 881 1752 879 1697 848 1697 MC
4 984 1617 981 1669 1040 1673 1037 1608 E2
4 987 1982 982 2038 1036 2041 1041 1975 E3
4 1060 2017 1054 2053 1111 2052 1110 2017 D
4 1232 1566 1228 1637 1293 1633 1288 1567 DU
4 1211 1907 1283 1905 1281 1811 1229 1813 SDU
4 1422 1830 1427 1907 1484 1903 1483 1820 SDL
4 1489 1576 1491 1634 1551 1632 1548 1579 DL
4 1727 1678 1789 1682 1787 1624 1745 1621 VW
4 1898 1527 1905 1593 1967 1590 1961 1524 E5
4 1901 1907 1900 1989 1974 1984 1968 1908 WA
4 1598 2108 1601 2148 1647 2142 1648 2107 B
4 1773 2159 1777 2263 1825 2261 1825 2158 W/C
4 1569 2331 1570 2369 1612 2369 1613 2330 a
4 1143 2327 1143 2363 1183 2363 1185 2333 d
4 1236 2404 1235 2436 1270 2436 1267 2410 c
4 1285 2457 1283 2499 1333 2499 1332 2456 C
4 1488 2400 1486 2425 1529 2425 1527 2393 b
4 1601 2551 1604 2591 1650 2594 1649 2550 A
