28
4 718 1951 718 2014 782 2008 781 1952 50
4 811 1915 813 1966 877 1966 868 1900 12
4 927 1942 921 1994 972 1989 976 1938 11
4 1014 1967 1065 1963 1065 1916 1027 1916 9
4 1090 1934 1090 1990 1150 1986 1156 1935 14
4 1115 2034 1108 2091 1172 2084 1168 2033 12
4 1068 2209 1062 2265 1123 2263 1126 2209 18
4 718 2195 784 2200 778 2259 706 2255 13
4 883 2228 957 2226 959 2176 903 2176 21
4 917 2314 911 2369 979 2366 976 2316 17
4 1009 2312 1003 2373 1082 2368 1086 2316 20
4 1016 2388 1012 2434 1083 2436 1082 2387 19
4 874 2575 873 2626 938 2623 944 2574 16
4 1017 2620 1010 2688 1086 2681 1086 2619 15
4 1115 2642 1108 2688 1164 2693 1167 2642 10
4 1212 2612 1209 2655 1242 2655 1245 2609 8
4 1312 2557 1308 2614 1360 2615 1358 2568 6
4 1443 2387 1436 2447 1478 2447 1481 2397 3
4 1458 2239 1447 2302 1487 2302 1492 2248 5
4 1541 2141 1528 2198 1601 2203 1613 2147 54
4 1514 2059 1507 2115 1574 2114 1579 2063 53
4 1631 2060 1624 2119 1675 2119 1672 2067 4
4 1559 1974 1552 2030 1627 2033 1625 1978 52
4 1477 1934 1471 1997 1515 1997 1521 1944 2
4 1351 1916 1336 1967 1385 1971 1399 1916 7
4 1294 1909 1363 1911 1370 1854 1307 1853 51
4 1234 1902 1274 1908 1285 1849 1241 1850 1
4 1137 1923 1187 1927 1198 1876 1145 1870 10
