61
4 770 1947 773 1976 825 1973 825 1950 100
4 839 1895 840 1928 878 1928 875 1900 70
4 961 1899 911 1900 909 1871 959 1870 100
4 1129 1899 1132 1929 1164 1927 1160 1900 64
4 1194 1934 1195 1967 1233 1969 1232 1934 12
4 1019 1945 1019 1976 1061 1971 1058 1945 98
4 892 2003 893 2028 934 2027 932 2003 98
4 911 2046 909 2073 942 2071 942 2047 96
4 901 2118 903 2148 949 2151 951 2122 104
4 1040 2222 1040 2253 1081 2253 1081 2225 38
4 1256 2188 1258 2221 1301 2222 1298 2193 68
4 1313 2232 1312 2262 1261 2261 1259 2232 100
4 1248 2276 1249 2303 1287 2304 1284 2280 98
4 1250 2338 1289 2338 1288 2314 1248 2313 36
4 1046 2318 1081 2323 1080 2345 1048 2345 18
4 1362 2181 1361 2209 1325 2209 1325 2182 70
4 1390 2144 1393 2176 1446 2176 1446 2151 100
4 1572 2067 1530 2068 1530 2041 1568 2038 10
4 1557 2129 1554 2159 1591 2159 1589 2132 66
4 1544 2225 1545 2256 1507 2258 1511 2229 98
4 1457 2317 1464 2344 1412 2336 1408 2316 104
4 1520 2380 1523 2412 1575 2410 1572 2387 106
4 1419 2429 1422 2460 1459 2458 1457 2430 28
4 1287 2369 1245 2370 1246 2342 1279 2344 38
4 1316 2410 1276 2415 1277 2387 1312 2383 68
4 1060 2387 1060 2360 1094 2360 1095 2381 28
4 1005 2407 1005 2435 1041 2433 1040 2408 84
4 1185 2410 1187 2444 1225 2436 1219 2409 78
4 1239 2465 1203 2466 1207 2439 1237 2437 24
4 1254 2465 1256 2491 1222 2492 1222 2465 78
4 1277 2513 1237 2512 1241 2491 1272 2490 18
4 1262 2540 1220 2544 1219 2514 1258 2516 84
4 1463 2494 1423 2495 1427 2468 1461 2468 20
4 1463 2538 1423 2536 1424 2512 1459 2508 36
4 1433 2587 1394 2591 1395 2564 1428 2559 96
4 1512 2573 1516 2604 1569 2602 1567 2577 104
4 1004 2672 1004 2699 1045 2700 1043 2676 84
4 1208 2678 1208 2703 1248 2702 1247 2677 28
4 1268 2703 1270 2732 1233 2733 1235 2704 26
4 1571 2698 1572 2728 1519 2727 1519 2700 106
4 1312 2725 1315 2753 1278 2748 1277 2726 84
4 1303 2771 1264 2772 1265 2745 1293 2746 44
4 1041 2769 1041 2793 1078 2795 1078 2770 14
4 1081 2820 1040 2821 1045 2795 1076 2797 50
4 1081 2846 1038 2848 1044 2823 1080 2823 40
4 1082 2870 1040 2872 1043 2848 1076 2848 48
4 913 2893 913 2918 950 2919 949 2891 46
4 1501 2799 1501 2827 1539 2824 1538 2798 16
4 1539 2852 1501 2852 1500 2826 1534 2825 58
4 1538 2881 1501 2879 1500 2852 1535 2852 60
4 1283 2858 1282 2885 1323 2886 1323 2860 28
4 1312 2913 1273 2913 1273 2890 1307 2890 40
4 1218 2902 1215 2932 1258 2932 1256 2906 56
4 1310 2921 1312 2946 1268 2948 1268 2920 50
4 1544 2946 1505 2944 1505 2913 1541 2919 62
4 1547 2986 1507 2984 1509 2953 1535 2955 44
4 1460 2977 1463 3004 1424 3004 1427 2981 48
4 1465 3033 1417 3028 1426 3005 1463 3007 54
4 1258 3091 1291 3091 1295 3120 1256 3118 34
4 1114 3008 1114 3034 1153 3035 1153 3011 46
4 1090 2971 1093 3000 1057 2998 1054 2975 34
