21
4 668 2599 670 2565 717 2568 719 2599 100
4 671 2695 671 2662 719 2661 722 2691 110
4 802 2793 796 2759 853 2759 853 2794 130
4 802 2915 801 2880 852 2882 853 2910 130
4 801 3077 801 3044 853 3045 851 3077 130
4 594 3030 598 2997 642 3000 641 3032 120
4 934 2532 931 2493 981 2493 984 2526 190
4 953 2696 951 2661 1003 2659 1003 2688 110
4 1091 2638 1088 2600 1147 2599 1144 2631 180
4 1074 2780 1074 2744 1128 2747 1130 2775 130
4 1074 2890 1074 2857 1125 2856 1125 2886 130
4 1003 2977 1003 2941 1054 2943 1053 2976 140
4 1077 3051 1075 3019 1127 3021 1125 3049 130
4 1352 3027 1352 2991 1397 2995 1397 3026 140
4 1558 3080 1556 3049 1611 3049 1610 3079 130
4 1554 2913 1554 2879 1601 2881 1606 2912 130
4 1554 2806 1556 2771 1605 2770 1606 2802 130
4 1713 2960 1709 2928 1760 2925 1762 2957 150
4 1449 2696 1447 2660 1499 2659 1501 2689 110
4 1656 2606 1654 2571 1712 2570 1711 2599 160
4 1551 2437 1549 2402 1596 2400 1601 2432 170
