34
4 383 2412 380 2468 323 2466 322 2412 10
4 386 2778 326 2776 332 2721 383 2725 16
4 632 3074 573 3071 572 3023 627 3020 19
4 861 3062 808 3062 796 3014 853 3014 14
4 1169 3060 1106 3058 1112 3004 1164 3007 18
4 1714 3074 1657 3074 1654 3019 1709 3019 17
4 1917 2746 1859 2746 1863 2689 1919 2691 12
4 796 2860 790 2911 841 2914 856 2870 20
4 901 2861 892 2909 956 2909 959 2863 22
4 1064 2917 1004 2914 1004 2858 1061 2860 72
4 1125 2854 1121 2911 1181 2915 1181 2866 30
4 1283 2863 1278 2915 1221 2918 1226 2863 32
4 1437 2909 1374 2912 1374 2860 1437 2860 74
4 1504 2867 1506 2911 1449 2908 1449 2864 40
4 1555 2864 1549 2908 1603 2912 1606 2870 42
4 1016 2691 955 2691 962 2644 1018 2641 26
4 847 2466 838 2511 898 2510 907 2465 27
4 1055 2607 995 2604 1006 2547 1055 2553 29
4 875 2234 825 2231 817 2184 880 2181 24
4 1224 2511 1172 2510 1170 2468 1226 2463 37
4 1137 2389 1076 2392 1078 2332 1137 2333 70
4 1347 2640 1344 2689 1286 2691 1284 2629 36
4 1461 2667 1404 2668 1405 2619 1465 2622 46
4 1380 2601 1324 2600 1326 2553 1381 2553 39
4 1395 2513 1345 2511 1344 2462 1401 2462 49
4 1543 2510 1488 2511 1483 2463 1546 2460 47
4 1775 2528 1714 2534 1720 2480 1779 2481 54
4 1203 2228 1143 2231 1146 2182 1203 2179 34
4 1426 2318 1363 2320 1366 2272 1420 2272 50
4 1438 2374 1377 2374 1384 2323 1431 2324 44
4 1657 2320 1594 2318 1598 2270 1658 2269 52
4 1784 2317 1715 2314 1715 2258 1778 2261 56
4 1543 2128 1479 2133 1482 2070 1538 2073 60
4 1312 2122 1248 2125 1254 2079 1314 2077 60
