35
4 872 526 933 526 933 473 874 473 60
4 763 588 687 587 689 539 766 535 158
4 736 657 657 658 657 609 730 609 124
4 590 757 517 755 518 702 594 704 126
4 575 895 507 895 511 848 579 840 127
4 435 967 382 967 382 916 430 916 16
4 649 1270 596 1264 596 1211 651 1217 19
4 774 1237 700 1236 702 1184 778 1188 120
4 868 1215 802 1218 795 1166 870 1166 122
4 937 1273 859 1271 863 1220 935 1222 170
4 925 1050 851 1054 853 997 921 997 129
4 1024 1016 950 1012 950 963 1024 961 172
4 1001 675 929 683 925 630 999 628 136
4 1097 628 1024 626 1024 575 1101 575 134
4 1071 1239 1071 1292 999 1292 999 1239 118
4 1113 1203 1037 1209 1037 1156 1107 1156 130
4 1207 1241 1131 1241 1128 1186 1209 1192 132
4 1323 1283 1249 1283 1253 1232 1319 1232 150
4 1374 1249 1366 1302 1446 1302 1442 1245 152
4 1334 982 1258 980 1258 933 1338 933 137
4 1391 838 1313 838 1319 785 1394 785 139
4 1359 657 1279 658 1281 609 1357 609 154
4 1359 571 1285 573 1285 517 1357 513 114
4 1436 751 1366 751 1362 698 1432 696 149
4 1767 1249 1769 1309 1843 1311 1847 1254 156
4 2059 1224 2004 1220 2004 1166 2057 1164 60
4 1796 1173 1724 1173 1726 1128 1792 1128 142
4 1796 1005 1744 1003 1739 954 1792 952 17
4 1826 927 1754 927 1754 876 1826 876 147
4 1845 853 1771 855 1767 800 1845 797 140
4 1514 526 1508 575 1561 577 1572 535 60
4 1727 679 1659 685 1659 634 1729 628 144
4 1788 751 1720 751 1724 702 1792 704 146
4 1896 702 1894 651 1975 655 1975 702 110
4 2017 850 1975 851 1970 800 2023 804 12
