37
4 463 1127 465 1082 506 1085 504 1127 12
4 737 1377 737 1328 779 1328 778 1370 17
4 596 970 599 928 658 931 654 970 550
4 532 793 468 794 471 748 531 748 510
4 620 577 624 530 686 531 688 572 558
4 701 573 701 528 772 528 772 569 560
4 789 575 786 525 856 530 850 573 560
4 902 995 835 999 839 949 899 950 529
4 879 1090 882 1043 940 1044 940 1082 526
4 920 1254 923 1212 980 1213 980 1250 520
4 1055 1253 995 1258 991 1211 1052 1213 522
4 1135 1254 1065 1253 1067 1209 1129 1211 552
4 1107 1021 1112 980 1175 981 1172 1021 536
4 969 918 970 878 1030 882 1032 920 527
4 924 676 925 631 989 633 987 671 524
4 1063 673 1002 670 1004 631 1062 632 570
4 1159 576 1093 573 1095 530 1159 531 514
4 1145 671 1148 629 1209 631 1208 667 554
4 1277 667 1215 669 1215 629 1277 632 534
4 1220 871 1156 869 1155 830 1213 831 539
4 1241 924 1241 879 1299 880 1297 921 537
4 1256 1253 1182 1257 1186 1216 1253 1213 530
4 1286 1254 1290 1215 1343 1216 1342 1253 532
4 1295 573 1295 531 1355 530 1357 573 518
4 1357 669 1359 629 1421 629 1419 670 570
4 1456 1254 1392 1254 1393 1215 1453 1217 556
4 1473 1256 1475 1215 1535 1215 1534 1251 557
4 1417 573 1421 527 1483 531 1481 573 559
4 1500 573 1496 534 1564 535 1564 570 560
4 1583 670 1584 629 1653 629 1650 667 544
4 1600 927 1605 882 1664 882 1662 920 547
4 1620 1256 1557 1254 1557 1212 1623 1212 540
4 1654 1257 1653 1212 1722 1212 1721 1253 542
4 1737 1367 1737 1327 1784 1328 1784 1366 19
4 1800 905 1803 860 1859 860 1860 906 549
4 1799 815 1796 858 1859 858 1862 820 546
4 1952 1145 1946 1107 1995 1111 1998 1149 16
