20
4 556 492 565 618 497 619 488 499 1002
4 965 631 914 631 912 529 963 524 1002
4 1057 625 991 623 997 501 1036 501 1002A
4 1199 608 1136 608 1143 497 1190 496 1004
4 1667 638 1609 642 1611 518 1663 516 1004B
4 1817 619 1766 619 1765 526 1810 524 1004
4 452 794 449 974 522 978 522 785 1000-11
4 573 794 642 800 634 631 580 638 938-11
4 454 1367 456 1522 522 1522 518 1365 1000-8
4 638 1215 655 1346 582 1348 578 1213 938-8
4 698 1678 704 1785 659 1781 651 1680 1002
4 713 2208 713 2337 666 2337 657 2213 1002A
4 456 2315 464 2482 520 2474 527 2315 1000-0
4 584 2303 642 2301 646 2164 582 2161 938-0
4 719 2658 723 2776 666 2784 670 2656 1002A
4 835 2724 835 2829 894 2829 890 2722 1006
4 1046 2727 1062 2827 1001 2827 991 2726 1002
4 1468 2895 1413 2895 1413 2773 1462 2769 1004B
4 1663 2819 1607 2827 1607 2722 1658 2720 1008
4 1826 2825 1774 2821 1768 2726 1826 2722 1004
