20
4 982 2946 949 2945 949 2926 979 2927 110
4 1556 3023 1522 3023 1523 3003 1557 3002 108
4 1315 2937 1287 2941 1287 2914 1318 2916 220
4 1365 2899 1336 2900 1336 2879 1366 2879 218
4 1349 2863 1320 2862 1320 2842 1344 2843 216
4 1368 2814 1337 2814 1340 2795 1365 2795 214
4 1557 2806 1522 2809 1521 2782 1558 2785 106
4 981 2747 947 2748 947 2726 979 2727 110
4 1053 2751 1014 2752 1016 2734 1053 2734 112
4 988 2503 951 2504 951 2482 990 2484 110
4 971 2414 946 2417 940 2396 970 2394 100
4 1340 2727 1307 2731 1309 2709 1336 2709 210
4 1300 2694 1273 2694 1273 2676 1299 2675 208
4 1306 2658 1275 2658 1275 2636 1305 2636 206
4 1305 2620 1275 2620 1274 2602 1304 2602 204
4 1290 2585 1261 2583 1261 2565 1287 2565 202
4 1317 2550 1288 2551 1291 2530 1315 2530 201
4 1268 2497 1232 2499 1234 2479 1266 2479 102
4 1459 2442 1427 2442 1428 2421 1458 2420 105
4 1556 2418 1517 2419 1519 2393 1549 2394 104
